6 6 4 6 6 0 8 6 11 11 6 13 6 15 13 6 
4 4 4 8 6 4 8 0 11 11 8 14 14 11 16 14 16 17 17 
2 13 7 7 7 7 13 9 7 9 13 13 0 13 16 13 18 16 21 21 13 24 24 21 27 27 21 30 28 27 34 34 34 27 34 34 39 39 36 13 
11 4 4 11 7 7 4 11 11 11 14 14 14 0 17 17 14 26 21 21 26 26 26 26 26 17 26 30 30 26 32 34 34 30 37 37 34 40 40 37 
3 3 0 7 7 7 3 7 12 12 12 7 12 17 17 17 7 19 17 21 19 23 25 25 17 27 25 31 31 31 25 36 36 36 36 31 3 
5 3 5 5 0 5 8 5 8 8 9 13 8 16 16 8 16 20 20 8 5 
15 15 15 8 8 8 8 3 11 11 8 15 15 15 0 18 18 15 18 21 18 24 24 21 30 27 30 30 30 15 34 34 34 30 37 37 34 15 
2 0 7 5 7 7 2 7 7 17 17 13 17 13 16 13 2 17 20 18 2 
3 3 0 6 6 3 6 9 7 11 7 14 14 11 18 18 18 7 18 3 
6 6 6 3 6 0 9 9 6 9 6 
3 3 0 5 3 8 8 5 8 15 10 15 15 15 3 23 18 23 20 18 23 23 3 25 23 3 
6 4 4 6 6 0 8 6 11 11 8 6 
2 7 5 5 2 7 0 7 10 7 13 13 7 7 
7 1 4 7 7 7 0 7 7 12 12 7 7 
9 4 4 1 7 7 4 9 0 25 25 11 11 16 16 11 19 19 16 22 22 19 13 25 9 25 28 26 31 31 28 33 31 37 37 37 9 40 40 37 40 46 46 46 46 37 48 46 48 52 52 48 56 56 56 9 58 56 61 61 9 61 61 65 63 68 68 61 68 9 
3 3 0 3 6 4 4 7 7 12 12 7 15 15 12 17 15 19 17 
2 0 4 2 4 7 5 9 7 12 12 7 14 12 16 14 2 
3 3 0 5 3 7 5 10 10 5 3 
2 0 2 9 9 9 9 9 2 12 12 2 16 16 16 12 19 19 16 2 
12 4 4 12 7 7 4 9 12 12 10 0 
3 3 0 5 3 7 5 13 13 11 9 13 3 16 16 13 19 19 13 3 
2 12 4 2 7 7 2 10 10 7 12 0 16 16 16 12 12 
3 3 0 6 6 3 3 9 7 11 9 15 15 15 3 3 
3 3 0 6 6 3 9 9 6 3 
2 5 5 5 0 8 8 5 10 8 13 13 5 13 16 13 25 19 13 25 25 23 25 25 29 29 29 29 13 32 32 29 35 35 29 35 5 
16 4 4 19 7 7 4 11 11 11 4 13 11 15 16 17 19 19 0 21 19 24 24 21 24 19 
2 0 5 5 2 7 5 10 10 6 12 10 17 17 17 17 2 22 22 22 22 17 22 25 22 2 
5 5 5 5 0 7 5 11 10 7 10 16 16 16 16 5 24 21 21 21 24 24 24 5 24 27 24 31 31 31 5 33 31 5 
3 3 0 5 3 3 8 6 10 8 13 13 10 13 3 
5 5 5 5 8 8 8 0 11 11 8 14 12 11 17 17 14 19 14 23 23 23 19 25 19 25 31 31 31 31 11 31 35 35 31 37 31 39 31 39 45 45 45 45 31 45 49 49 45 53 53 53 45 55 53 55 8 
4 4 4 6 6 0 11 11 11 11 6 13 17 17 17 17 11 17 20 18 6 
11 11 6 6 6 11 9 9 6 11 0 14 14 11 11 17 15 19 11 31 22 31 24 31 26 24 29 29 26 31 19 33 31 11 
12 12 4 2 7 7 4 10 10 7 12 0 12 16 16 13 20 20 20 13 23 23 20 25 12 28 28 25 12 12 
0 
2 0 4 2 4 7 2 10 10 7 13 13 2 16 16 13 25 19 25 24 24 24 24 25 29 29 29 29 13 31 29 34 34 31 34 39 39 39 31 41 39 2 
6 1 6 6 6 0 9 9 6 
2 0 7 7 7 7 2 2 
5 5 4 5 7 7 0 10 10 7 13 13 10 15 13 7 
2 0 4 2 4 7 5 9 4 12 12 9 2 
2 0 2 5 2 8 8 2 2 
2 0 2 3 4 7 3 11 11 11 7 2 
2 0 4 2 7 7 4 2 
3 3 0 5 3 7 5 9 7 3 
3 3 0 5 3 7 3 10 10 7 13 13 3 15 13 15 3 
3 3 0 6 6 3 8 3 10 8 10 14 14 10 18 18 18 8 18 22 22 18 
3 3 0 5 3 8 8 3 10 8 12 3 12 16 16 3 16 21 21 21 3 21 24 22 32 27 32 27 30 27 32 3 32 33 37 37 33 39 37 41 37 45 45 45 33 
2 0 7 5 7 7 2 7 
3 3 0 7 6 7 3 9 7 
2 7 7 5 7 7 0 9 7 11 7 
2 4 4 0 9 9 9 9 4 11 4 
0 3 1 7 4 7 1 1 
2 0 2 6 4 3 2 
2 6 6 6 6 0 6 11 11 11 6 11 11 17 11 17 6 20 20 17 20 23 17 25 23 28 28 4 30 28 33 33 30 38 38 38 38 28 41 39 38 41 44 38 44 49 49 49 44 49 49 54 54 51 54 58 58 54 60 51 62 60 6 
2 0 2 3 7 7 2 9 7 11 9 14 14 7 16 14 18 7 20 18 22 18 26 26 26 18 2 
2 0 15 5 13 8 8 5 8 5 13 13 2 13 13 2 
11 1 4 11 7 7 4 11 10 11 0 14 14 9 16 14 20 20 20 16 20 11 
4 4 4 7 6 7 0 9 7 11 9 13 11 15 11 17 15 20 20 17 7 
2 7 4 2 7 7 0 9 7 15 15 15 15 15 7 18 18 15 20 18 22 20 7 
4 4 4 0 4 10 10 10 10 4 14 11 11 10 16 10 19 19 4 19 22 19 4 
5 5 5 5 18 8 8 5 10 8 10 10 18 18 18 18 18 0 22 22 22 18 25 25 22 27 25 29 25 31 29 18 
22 6 4 6 6 22 9 9 6 12 12 9 15 15 22 17 15 19 17 22 22 0 24 22 22 
2 8 8 8 6 8 8 0 8 
13 6 6 6 6 13 9 9 6 13 13 13 0 16 16 13 21 19 21 21 13 25 25 25 21 27 25 29 25 32 32 29 35 35 13 35 38 35 38 13 
8 8 8 8 8 8 8 0 10 8 
0 1 5 5 1 5 1 
2 0 5 5 2 7 5 9 7 9 16 16 16 16 16 2 2 
2 0 6 6 6 2 11 11 11 11 2 2 
2 6 2 2 6 0 8 10 10 15 15 15 15 15 6 17 15 19 17 6 
11 3 1 6 6 11 11 11 11 11 0 18 15 15 18 17 15 11 21 21 18 23 21 25 21 25 25 27 11 
2 5 4 5 18 5 9 9 11 11 18 11 14 12 16 18 18 0 20 18 25 23 25 25 18 28 28 25 18 
14 3 1 6 6 14 10 10 10 6 12 10 14 0 14 18 18 15 14 
2 7 7 7 7 7 13 9 7 13 13 13 0 13 16 13 19 19 16 24 24 24 24 19 26 24 28 30 30 24 32 30 32 33 33 33 33 33 33 33 45 33 42 45 43 45 53 53 53 51 53 53 58 58 56 58 58 60 62 62 62 16 64 62 67 67 71 71 71 71 80 80 77 77 77 77 80 80 80 62 
0 
2 18 5 5 2 5 2 18 10 18 13 13 10 17 14 17 10 0 18 21 19 23 21 25 23 28 28 23 30 28 32 18 32 33 36 34 39 39 34 42 42 32 45 45 42 45 48 42 51 51 48 51 56 56 56 48 61 59 61 61 56 63 61 66 66 63 68 63 63 69 77 71 77 75 77 77 68 77 85 85 83 83 85 85 77 87 77 87 18 18 
2 5 2 5 0 5 5 9 5 11 9 11 14 12 16 17 9 17 21 21 18 23 17 23 26 23 30 30 30 23 32 30 35 35 32 5 
5 5 5 5 9 7 5 9 0 9 10 10 12 15 13 17 15 19 17 9 
2 5 5 5 0 7 5 13 11 11 13 13 7 15 13 17 15 33 20 23 23 23 33 26 26 23 29 29 33 33 33 33 13 36 36 33 39 39 33 5 
2 7 4 2 7 7 0 7 7 12 12 7 15 15 12 18 18 12 21 21 7 21 25 25 22 27 22 30 30 27 33 33 7 33 
5 4 4 1 0 5 8 6 5 
2 7 7 7 7 7 0 9 7 11 9 7 
2 0 2 6 6 3 9 9 6 2 
2 0 2 5 3 2 
3 3 6 6 6 0 6 9 7 6 
2 0 2 2 6 4 9 9 6 12 12 9 14 12 
2 0 2 2 6 2 8 6 13 13 13 13 8 17 17 17 13 19 17 2 
3 3 15 6 6 3 9 9 6 9 12 9 15 15 0 15 21 19 21 21 15 25 25 25 15 27 25 29 27 33 32 33 25 35 33 25 
4 4 4 25 6 4 9 9 6 11 9 16 16 15 16 9 18 16 23 23 22 23 16 23 0 
2 5 5 5 0 5 5 10 10 7 12 10 14 10 5 
4 4 4 0 6 4 8 6 15 9 12 15 15 15 4 4 
10 4 4 10 6 4 10 10 10 0 12 10 14 12 18 18 18 10 18 23 23 23 19 23 41 29 29 29 36 31 29 29 36 36 36 41 39 39 36 41 10 41 42 48 48 48 48 41 48 
6 3 28 6 6 3 9 9 6 9 12 10 18 15 18 18 18 9 18 22 22 19 24 22 28 28 28 0 28 28 
0 1 1 6 6 3 11 9 11 11 1 13 11 11 16 11 19 19 16 21 19 24 24 21 24 
2 0 11 5 11 8 8 5 11 11 2 25 15 15 24 17 15 24 23 23 23 23 15 11 24 27 25 27 31 31 25 33 31 33 2 
13 5 5 5 13 8 6 5 11 11 5 13 0 15 13 17 15 19 17 13 
6 6 6 6 6 15 8 6 11 11 8 6 15 15 0 15 15 19 17 28 28 28 28 28 28 28 28 17 31 31 28 15 
0 1 4 2 6 4 8 6 11 11 8 14 14 2 16 14 19 19 16 14 23 23 20 23 1 1 26 
2 4 4 8 6 8 8 0 8 9 13 13 9 16 16 8 16 19 16 19 8 
4 1 4 0 7 7 4 10 10 7 12 4 14 12 4 
2 0 2 5 3 2 
2 0 2 5 2 8 8 5 2 
4 4 4 7 7 7 0 7 
2 0 10 8 8 8 8 10 10 2 14 14 14 10 16 14 
3 3 0 5 3 3 12 12 12 12 12 6 14 12 16 14 18 16 20 18 23 23 16 25 23 28 28 25 31 31 28 34 34 31 3 
3 3 8 3 8 8 8 0 10 8 15 13 15 15 8 15 19 19 15 23 23 23 15 
3 3 7 3 7 7 0 10 10 7 13 13 10 16 16 7 16 19 16 25 22 25 25 25 7 27 25 30 30 25 33 33 25 37 37 37 33 37 40 37 42 40 44 42 49 49 49 49 42 53 53 53 49 56 56 53 59 59 53 
9 1 4 9 4 9 9 9 0 11 9 11 15 15 9 19 19 19 15 9 
4 4 4 0 4 7 5 10 10 5 12 10 16 16 16 4 22 19 22 22 22 16 4 
15 3 15 6 6 15 9 9 6 11 15 13 11 13 0 18 18 15 30 21 30 24 24 21 24 24 30 30 30 15 34 34 34 30 37 37 34 40 40 37 43 43 37 46 46 43 46 46 
2 0 6 5 6 2 8 6 12 12 12 6 15 15 12 18 18 15 15 22 22 19 25 25 19 28 28 25 32 28 32 6 32 35 32 47 38 47 41 41 38 44 44 41 47 47 35 49 47 51 52 47 55 55 52 71 59 59 55 61 71 64 64 61 68 68 68 61 71 71 6 73 71 75 71 75 2 
5 5 5 5 0 7 5 5 10 5 12 10 14 22 16 14 19 19 14 22 22 5 22 22 26 22 28 22 30 28 30 33 38 38 38 38 38 48 40 38 38 43 38 43 48 48 48 60 50 48 50 53 60 53 57 57 53 60 60 5 60 64 64 60 67 67 60 70 70 67 74 74 74 84 77 77 74 81 81 84 84 84 84 3 86 84 88 86 86 91 84 91 94 91 97 97 94 100 100 94 5 5 
3 3 0 14 6 14 8 6 8 8 14 14 14 3 16 14 18 14 
0 3 1 
0 3 1 5 3 5 8 5 10 5 10 13 3 1 1 
2 0 5 5 2 2 
2 10 5 5 2 2 10 10 10 0 10 13 10 18 18 15 18 10 20 18 10 
7 7 7 7 7 7 0 7 12 12 12 7 12 16 16 12 19 19 16 7 
3 3 0 5 3 7 5 10 10 3 13 13 10 3 
8 8 8 8 8 8 8 0 10 8 13 13 10 19 19 19 19 19 10 8 
3 3 0 6 6 3 11 11 11 11 3 13 11 16 16 11 19 19 16 22 22 16 25 25 22 27 25 30 30 27 35 35 35 35 25 35 3 
4 4 4 0 8 8 8 4 11 11 8 11 18 18 18 18 18 11 20 18 4 
2 6 6 6 6 0 6 6 12 12 12 6 12 12 6 
2 3 0 7 7 7 3 7 10 3 15 15 15 15 3 3 
4 3 4 0 6 4 8 9 6 4 
2 4 4 8 6 4 8 0 10 8 12 10 16 16 16 10 8 
3 3 0 5 3 8 8 3 3 
2 4 4 0 7 7 4 7 10 8 4 
3 3 0 5 3 9 9 9 5 11 9 3 
2 3 0 5 3 7 5 3 
5 3 5 5 0 5 11 11 11 11 5 5 
12 4 4 12 7 7 4 9 7 12 12 0 14 12 16 14 18 14 21 21 14 23 14 23 30 27 30 27 30 12 30 30 42 36 36 42 38 36 42 42 42 12 42 42 12 
2 0 5 5 2 8 8 5 10 8 12 5 12 15 12 18 18 15 
2 0 4 2 11 11 11 11 11 11 2 11 14 11 16 14 14 
3 3 0 
2 0 4 2 6 2 8 6 10 8 8 16 16 16 16 2 16 23 20 23 22 23 2 23 31 27 31 29 31 31 23 34 34 31 37 37 31 42 40 42 42 31 45 45 42 47 45 49 47 51 45 53 51 56 54 53 
2 0 9 5 9 5 9 9 2 11 9 2 
2 0 9 6 6 9 9 9 2 11 9 13 11 9 16 14 2 
5 1 5 5 0 5 5 9 7 5 
0 1 
3 3 13 6 6 3 13 13 10 13 10 13 0 13 
4 4 4 0 4 
5 5 5 5 0 9 9 9 5 5 
5 3 5 5 0 8 8 5 13 13 13 13 5 5 
4 1 4 0 6 4 8 6 12 12 12 8 12 4 
2 0 5 5 2 5 8 5 11 11 8 15 15 15 2 15 15 19 15 2 
6 3 1 3 6 0 9 9 6 11 9 13 9 15 13 6 6 
2 0 6 5 6 2 8 6 8 12 12 6 14 12 14 2 
4 4 4 0 7 7 4 10 10 7 13 13 7 16 16 7 19 19 16 22 22 16 28 23 26 28 28 22 32 32 32 28 36 36 36 32 38 36 40 38 43 43 40 4 
2 0 4 2 8 8 8 4 8 2 
2 0 5 5 2 7 2 9 7 11 2 11 2 2 
2 0 4 2 2 
3 3 0 5 3 7 3 7 
0 
10 1 4 10 4 5 5 5 10 0 10 17 14 15 10 17 15 20 20 17 24 24 24 17 27 27 24 29 24 33 33 33 24 35 33 10 
2 0 2 3 6 3 6 9 2 13 12 13 2 15 13 15 18 13 18 24 22 18 24 22 
2 8 8 8 8 8 8 0 8 8 14 14 14 8 18 18 18 14 20 18 8 
2 0 2 5 6 2 11 11 11 11 2 11 2 
2 20 2 20 20 8 8 5 11 11 5 13 11 15 5 15 16 20 20 0 22 20 20 
5 5 5 5 0 9 9 9 5 11 9 5 
3 3 0 8 6 8 8 3 3 
2 6 4 6 6 0 8 6 11 11 6 11 14 11 17 17 11 20 20 17 6 
3 3 11 6 6 3 8 11 11 11 0 11 
12 3 12 6 6 3 10 10 10 3 12 0 14 12 16 12 18 19 16 12 
3 3 26 5 3 7 5 7 13 13 13 13 7 18 14 18 18 26 22 22 22 26 22 22 26 0 28 26 33 33 33 33 26 36 36 26 41 41 41 41 26 41 45 45 42 47 45 49 47 52 52 47 54 52 58 57 58 45 60 58 62 60 65 65 60 67 65 70 70 58 76 76 76 76 76 58 76 76 
4 4 4 9 6 4 9 9 0 12 12 9 14 12 16 14 21 19 21 21 9 23 21 26 26 21 33 33 28 28 33 33 9 33 33 35 38 36 
