0
0
0
0
2 0
2 0
2 0 7 5 7 7 2 7 7 2
2 0 7 5 7 7 2 7 7
2 0 9 5 9 9 9 9 2 13 13 13 9
2 0 9 5 9 9 9 9 2 13 13 13 9
2 0 9 5 9 9 9 9 2 13 13 13 9
2 0 9 5 9 9 9 9 2 13 13 13 9
2 0 9 5 9 9 9 9 2 13 13 13 9
2 0 9 5 9 9 9 9 2 13 13 13 9
2 0 9 5 9 9 9 9 2 13 13 13 9 15 13
2 0 9 5 9 9 9 9 2 13 13 13 9
2 0 9 5 9 9 9 9 2 13 13 13 9 13 16 14
2 0 9 5 9 9 9 9 2 13 13 13 9 13 13
2 0 9 5 9 9 9 9 2 13 13 13 9 13 17 17 13 9 18 2
2 0 9 5 9 9 9 9 2 13 13 13 9 13 18 17 13 9 18
2 0 9 5 9 9 9 9 2 13 13 13 9 13 17 17 13 9 18 2
2 0 7 5 7 7 2 9 7 13 13 13 7 13 18 17 13 7 20 18 2
2 0 7 5 7 7 2 9 7 17 17 13 17 13 16 13 2 17 20 18 2
2 0 7 5 7 7 2 7 7 17 17 13 17 13 16 13 2 17 20 18 2
2 0 7 5 7 7 2 7 7 17 17 13 17 13 16 13 2 17 20 18 2
3 3 0
2 0 7 5 7 7 2 7 7 17 17 13 17 13 16 13 2 17 20 18 2
3 3 0
2 0 7 5 7 7 2 7 7 17 17 13 17 13 16 13 2 17 20 18 2
3 3 0 6 6 3
2 0 7 5 7 7 2 7 7 17 17 13 17 13 16 13 2 17 20 18 2
3 3 0 6 6 3
2 0 7 5 7 7 2 7 7 17 17 13 17 13 16 13 2 17 20 18 2
3 3 0 6 6 3
2 0 7 5 7 7 2 7 7 17 17 13 17 13 16 13 2 17 20 18 2
3 3 0 6 6 3
2 0 7 5 7 7 2 7 7 17 17 13 17 13 16 13 2 17 20 18 2
3 3 0 6 6 3
2 0 7 5 7 7 2 7 7 17 17 13 17 13 16 13 2 17 20 18 2
3 3 0 6 6 3
2 0 7 5 7 7 2 7 7 17 17 13 17 13 16 13 2 17 20 18 2
3 3 0 6 6 3 6 9 7
2 0 7 5 7 7 2 7 7 17 17 13 17 13 16 13 2 17 20 18 2
3 3 0 6 6 3 6 9 7
2 0 7 5 7 7 2 7 7 17 17 13 17 13 16 13 2 17 20 18 2
3 3 0 6 6 3 6 9 7 11 9
2 0 7 5 7 7 2 7 7 17 17 13 17 13 16 13 2 17 20 18 2
3 3 0 6 6 3 6 9 7 11 9
2 0 7 5 7 7 2 7 7 17 17 13 17 13 16 13 2 17 20 18 2
3 3 0 6 6 3 6 9 7 11 9 3
2 0 7 5 7 7 2 7 7 17 17 13 17 13 16 13 2 17 20 18 2
3 3 0 6 6 3 6 9 7 11 9
2 0 7 5 7 7 2 7 7 17 17 13 17 13 16 13 2 17 20 18 2
3 3 0 6 6 3 6 9 7 11 9
2 0 7 5 7 7 2 7 7 17 17 13 17 13 16 13 2 17 20 18 2
3 3 0 6 6 3 6 9 7 11 9
2 0 7 5 7 7 2 7 7 17 17 13 17 13 16 13 2 17 20 18 2
3 3 0 6 6 3 6 9 7 11 7 14 14 11
2 0 7 5 7 7 2 7 7 17 17 13 17 13 16 13 2 17 20 18 2
3 3 0 6 6 3 6 9 7 11 7 14 14 11
2 0 7 5 7 7 2 7 7 17 17 13 17 13 16 13 2 17 20 18 2
3 3 0 6 6 3 6 9 7 11 7 14 14 11 3
2 0 7 5 7 7 2 7 7 17 17 13 17 13 16 13 2 17 20 18 2
3 3 0 6 6 3 6 9 7 11 7 14 14 11 3
2 0 7 5 7 7 2 7 7 17 17 13 17 13 16 13 2 17 20 18 2
3 3 0 6 6 3 6 9 7 11 7 14 14 11 3
2 0 7 5 7 7 2 7 7 17 17 13 17 13 16 13 2 17 20 18 2
3 3 0 6 6 3 6 9 7 11 7 14 14 11 3
2 0 7 5 7 7 2 7 7 17 17 13 17 13 16 13 2 17 20 18 2
3 3 0 6 6 3 6 9 7 11 7 14 14 11
2 0 7 5 7 7 2 7 7 17 17 13 17 13 16 13 2 17 20 18 2
3 3 0 6 6 3 6 9 7 11 7 14 14 11 3
2 0 7 5 7 7 2 7 7 17 17 13 17 13 16 13 2 17 20 18 2
3 3 0 6 6 3 6 9 7 11 7 14 14 11
2 0 7 5 7 7 2 7 7 17 17 13 17 13 16 13 2 17 20 18 2
3 3 0 6 6 3 6 9 7 11 7 14 14 11 3
2 0 7 5 7 7 2 7 7 17 17 13 17 13 16 13 2 17 20 18 2
3 3 0 6 6 3 6 9 7 11 7 14 14 11
2 0 7 5 7 7 2 7 7 17 17 13 17 13 16 13 2 17 20 18 2
3 3 0 6 6 3 6 9 7 11 7 14 14 11 3
2 0 7 5 7 7 2 7 7 17 17 13 17 13 16 13 2 17 20 18 2
3 3 0 6 6 3 6 9 7 11 7 14 14 11
2 0 7 5 7 7 2 7 7 17 17 13 17 13 16 13 2 17 20 18 2
3 3 0 6 6 3 6 9 7 11 7 14 14 11 3
2 0 7 5 7 7 2 7 7 17 17 13 17 13 16 13 2 17 20 18 2
3 3 0 6 6 3 6 9 7 11 7 14 14 11
2 0 7 5 7 7 2 7 7 17 17 13 17 13 16 13 2 17 20 18 2
3 3 0 6 6 3 6 9 7 11 7 14 14 11 3
2 0 7 5 7 7 2 7 7 17 17 13 17 13 16 13 2 17 20 18 2
3 3 0 6 6 3 6 9 7 11 7 14 14 11 3
2 0 7 5 7 7 2 7 7 17 17 13 17 13 16 13 2 17 20 18 2
3 3 0 6 6 3 6 9 7 11 7 14 14 11 3 3
2 0 7 5 7 7 2 7 7 17 17 13 17 13 16 13 2 17 20 18 2
3 3 0 6 6 3 6 9 7 11 7 14 14 11 3
2 0 7 5 7 7 2 7 7 17 17 13 17 13 16 13 2 17 20 18 2
3 3 0 6 6 3 6 9 7 11 7 14 14 11 3 17 3
2 0 7 5 7 7 2 7 7 17 17 13 17 13 16 13 2 17 20 18 2
3 3 0 6 6 3 6 9 7 11 7 14 14 11 16 11
2 0 7 5 7 7 2 7 7 17 17 13 17 13 16 13 2 17 20 18 2
3 3 0 6 6 3 6 9 7 11 7 14 14 11 17 17 3
2 0 7 5 7 7 2 7 7 17 17 13 17 13 16 13 2 17 20 18 2
3 3 0 6 6 3 6 9 7 11 7 14 14 11 17 17 3
2 0 7 5 7 7 2 7 7 17 17 13 17 13 16 13 2 17 20 18 2
3 3 0 6 6 3 6 9 7 11 7 14 14 11 17 17 3
2 0 7 5 7 7 2 7 7 17 17 13 17 13 16 13 2 17 20 18 2
3 3 0 6 6 3 6 9 7 11 7 14 14 11 3 3
2 0 7 5 7 7 2 7 7 17 17 13 17 13 16 13 2 17 20 18 2
3 3 0 6 6 3 6 9 7 11 7 14 14 11 18 18 18 7 18
2 0 7 5 7 7 2 7 7 17 17 13 17 13 16 13 2 17 20 18 2
3 3 0 6 6 3 6 9 7 11 7 14 14 11 18 18 18 7 18
2 0 7 5 7 7 2 7 7 17 17 13 17 13 16 13 2 17 20 18 2
3 3 0 6 6 3 6 9 7 11 7 14 14 11 18 18 18 7 18 3
0
2 0 7 5 7 7 2 7 7 17 17 13 17 13 16 13 2 17 20 18 2
3 3 0 6 6 3 6 9 7 11 7 14 14 11 18 18 18 7 18 3
2 0 7 5 7 7 2 7 7 17 17 13 17 13 16 13 2 17 20 18 2
3 3 0 6 6 3 6 9 7 11 7 14 14 11 18 18 18 7 18 3
