0
0
2 0
0
6 6 4 6 6 0 9 9 6 9 12 10 12
6 6 4 6 6 0 9 9 6 9
6 6 4 6 6 0 9 9 6 9 10
6 6 4 6 6 0 9 9 6 9 10
6 6 6 3 6 0 9 9 6 9 10 6
6 6 4 6 6 0 9 9 6 9
6 6 6 3 6 0 9 9 6 9 6
6 6 4 6 6 0 9 9 6 9
6 6 6 3 6 0 9 9 6 9 6
0
6 6 6 3 6 0 9 9 6 9 6
2 0
6 6 6 3 6 0 9 9 6 9 6
3 3 0 5 3 8 8 5 8
6 6 6 3 6 0 9 9 6 9 6
3 3 0 5 3 8 8 5 8
6 6 6 3 6 0 9 9 6 9 6
3 3 0 5 3 8 8 5 8
6 6 6 3 6 0 9 9 6 9 6
3 3 0 5 3 8 8 5 8
6 6 6 3 6 0 9 9 6 9 6
3 3 0 5 3 8 8 5 8 15 10 15 15 15 3 15
6 6 6 3 6 0 9 9 6 9 6
3 3 0 5 3 8 8 5 8 15 10 15 15 15 3 17 15
6 6 6 3 6 0 9 9 6 9 6
3 3 0 5 3 8 8 5 8 15 10 15 15 15 3 21 18 21 20 18 3 21
6 6 6 3 6 0 9 9 6 9 6
3 3 0 5 3 8 8 5 8 15 10 15 15 15 3 21 18 21 20 18 3 21
6 6 6 3 6 0 9 9 6 9 6
3 3 0 5 3 8 8 5 8 15 10 15 15 15 3 22 18 22 20 18 22 15 24 22 3
6 6 6 3 6 0 9 9 6 9 6
3 3 0 5 3 8 8 5 8 15 10 15 15 15 3 23 18 23 20 18 23 23 3 25 23 3
6 6 6 3 6 0 9 9 6 9 6
3 3 0 5 3 8 8 5 8 15 10 15 15 15 3 23 18 23 20 18 23 23 3 25 23 3
0
6 6 6 3 6 0 9 9 6 9 6
3 3 0 5 3 8 8 5 8 15 10 15 15 15 3 23 18 23 20 18 23 23 3 25 23 3
0
6 6 6 3 6 0 9 9 6 9 6
3 3 0 5 3 8 8 5 8 15 10 15 15 15 3 23 18 23 20 18 23 23 3 25 23 3
0
6 6 6 3 6 0 9 9 6 9 6
3 3 0 5 3 8 8 5 8 15 10 15 15 15 3 23 18 23 20 18 23 23 3 25 23 3
0
6 6 6 3 6 0 9 9 6 9 6
3 3 0 5 3 8 8 5 8 15 10 15 15 15 3 23 18 23 20 18 23 23 3 25 23 3
4 4 4 0
6 6 6 3 6 0 9 9 6 9 6
3 3 0 5 3 8 8 5 8 15 10 15 15 15 3 23 18 23 20 18 23 23 3 25 23 3
4 4 4 0
6 6 6 3 6 0 9 9 6 9 6
3 3 0 5 3 8 8 5 8 15 10 15 15 15 3 23 18 23 20 18 23 23 3 25 23 3
4 4 4 0 6 4 8 6
6 6 6 3 6 0 9 9 6 9 6
3 3 0 5 3 8 8 5 8 15 10 15 15 15 3 23 18 23 20 18 23 23 3 25 23 3
4 4 4 0 6 4 8 6
6 6 6 3 6 0 9 9 6 9 6
3 3 0 5 3 8 8 5 8 15 10 15 15 15 3 23 18 23 20 18 23 23 3 25 23 3
4 4 4 0 6 4 8 6 10 8
6 6 6 3 6 0 9 9 6 9 6
3 3 0 5 3 8 8 5 8 15 10 15 15 15 3 23 18 23 20 18 23 23 3 25 23 3
4 4 4 0 6 4 8 6 10 8
6 6 6 3 6 0 9 9 6 9 6
3 3 0 5 3 8 8 5 8 15 10 15 15 15 3 23 18 23 20 18 23 23 3 25 23 3
4 4 4 0 6 4 8 6 10 8
6 6 6 3 6 0 9 9 6 9 6
3 3 0 5 3 8 8 5 8 15 10 15 15 15 3 23 18 23 20 18 23 23 3 25 23 3
4 4 4 0 6 4 8 6 10 8
6 6 6 3 6 0 9 9 6 9 6
3 3 0 5 3 8 8 5 8 15 10 15 15 15 3 23 18 23 20 18 23 23 3 25 23 3
6 4 4 6 6 0 8 6 11 11 8 6
0
6 6 6 3 6 0 9 9 6 9 6
3 3 0 5 3 8 8 5 8 15 10 15 15 15 3 23 18 23 20 18 23 23 3 25 23 3
6 4 4 6 6 0 8 6 11 11 8 6
0
6 6 6 3 6 0 9 9 6 9 6
3 3 0 5 3 8 8 5 8 15 10 15 15 15 3 23 18 23 20 18 23 23 3 25 23 3
6 4 4 6 6 0 8 6 11 11 8 6
0
6 6 6 3 6 0 9 9 6 9 6
3 3 0 5 3 8 8 5 8 15 10 15 15 15 3 23 18 23 20 18 23 23 3 25 23 3
6 4 4 6 6 0 8 6 11 11 8 6
0
6 6 6 3 6 0 9 9 6 9 6
3 3 0 5 3 8 8 5 8 15 10 15 15 15 3 23 18 23 20 18 23 23 3 25 23 3
6 4 4 6 6 0 8 6 11 11 8 6
4 4 4 0 7 7 4 7
6 6 6 3 6 0 9 9 6 9 6
3 3 0 5 3 8 8 5 8 15 10 15 15 15 3 23 18 23 20 18 23 23 3 25 23 3
6 4 4 6 6 0 8 6 11 11 8 6
4 4 4 0 7 7 4
6 6 6 3 6 0 9 9 6 9 6
3 3 0 5 3 8 8 5 8 15 10 15 15 15 3 23 18 23 20 18 23 23 3 25 23 3
6 4 4 6 6 0 8 6 11 11 8 6
4 4 4 0 7 7 4 4
6 6 6 3 6 0 9 9 6 9 6
3 3 0 5 3 8 8 5 8 15 10 15 15 15 3 23 18 23 20 18 23 23 3 25 23 3
6 4 4 6 6 0 8 6 11 11 8 6
2 0 5 5 2 2
6 6 6 3 6 0 9 9 6 9 6
3 3 0 5 3 8 8 5 8 15 10 15 15 15 3 23 18 23 20 18 23 23 3 25 23 3
6 4 4 6 6 0 8 6 11 11 8 6
3 3 0 3
6 6 6 3 6 0 9 9 6 9 6
3 3 0 5 3 8 8 5 8 15 10 15 15 15 3 23 18 23 20 18 23 23 3 25 23 3
6 4 4 6 6 0 8 6 11 11 8 6
2 0 5 5 2 2
6 6 6 3 6 0 9 9 6 9 6
3 3 0 5 3 8 8 5 8 15 10 15 15 15 3 23 18 23 20 18 23 23 3 25 23 3
6 4 4 6 6 0 8 6 11 11 8 6
2 7 5 5 2 7 0 7
6 6 6 3 6 0 9 9 6 9 6
3 3 0 5 3 8 8 5 8 15 10 15 15 15 3 23 18 23 20 18 23 23 3 25 23 3
6 4 4 6 6 0 8 6 11 11 8 6
2 7 5 5 2 7 0 7
6 6 6 3 6 0 9 9 6 9 6
3 3 0 5 3 8 8 5 8 15 10 15 15 15 3 23 18 23 20 18 23 23 3 25 23 3
6 4 4 6 6 0 8 6 11 11 8 6
2 7 5 5 2 7 0 7 10 7
6 6 6 3 6 0 9 9 6 9 6
3 3 0 5 3 8 8 5 8 15 10 15 15 15 3 23 18 23 20 18 23 23 3 25 23 3
6 4 4 6 6 0 8 6 11 11 8 6
2 7 5 5 2 7 0 7 10 7
6 6 6 3 6 0 9 9 6 9 6
3 3 0 5 3 8 8 5 8 15 10 15 15 15 3 23 18 23 20 18 23 23 3 25 23 3
6 4 4 6 6 0 8 6 11 11 8 6
2 7 5 5 2 7 0 7 10 7 13 13 7
6 6 6 3 6 0 9 9 6 9 6
3 3 0 5 3 8 8 5 8 15 10 15 15 15 3 23 18 23 20 18 23 23 3 25 23 3
6 4 4 6 6 0 8 6 11 11 8 6
2 7 5 5 2 7 0 7 10 7 13 11 10
6 6 6 3 6 0 9 9 6 9 6
3 3 0 5 3 8 8 5 8 15 10 15 15 15 3 23 18 23 20 18 23 23 3 25 23 3
6 4 4 6 6 0 8 6 11 11 8 6
2 7 5 5 2 7 0 7 10 7 13 13 7 7
4 1 4 0
6 6 6 3 6 0 9 9 6 9 6
3 3 0 5 3 8 8 5 8 15 10 15 15 15 3 23 18 23 20 18 23 23 3 25 23 3
6 4 4 6 6 0 8 6 11 11 8 6
2 7 5 5 2 7 0 7 10 7 13 13 7 7
3 1 0
6 6 6 3 6 0 9 9 6 9 6
3 3 0 5 3 8 8 5 8 15 10 15 15 15 3 23 18 23 20 18 23 23 3 25 23 3
6 4 4 6 6 0 8 6 11 11 8 6
2 7 5 5 2 7 0 7 10 7 13 13 7 7
4 1 4 0
6 6 6 3 6 0 9 9 6 9 6
3 3 0 5 3 8 8 5 8 15 10 15 15 15 3 23 18 23 20 18 23 23 3 25 23 3
6 4 4 6 6 0 8 6 11 11 8 6
2 7 5 5 2 7 0 7 10 7 13 13 7 7
4 1 4 0
6 6 6 3 6 0 9 9 6 9 6
3 3 0 5 3 8 8 5 8 15 10 15 15 15 3 23 18 23 20 18 23 23 3 25 23 3
6 4 4 6 6 0 8 6 11 11 8 6
2 7 5 5 2 7 0 7 10 7 13 13 7 7
4 1 4 0
6 6 6 3 6 0 9 9 6 9 6
3 3 0 5 3 8 8 5 8 15 10 15 15 15 3 23 18 23 20 18 23 23 3 25 23 3
6 4 4 6 6 0 8 6 11 11 8 6
2 7 5 5 2 7 0 7 10 7 13 13 7 7
0 1
6 6 6 3 6 0 9 9 6 9 6
3 3 0 5 3 8 8 5 8 15 10 15 15 15 3 23 18 23 20 18 23 23 3 25 23 3
6 4 4 6 6 0 8 6 11 11 8 6
2 7 5 5 2 7 0 7 10 7 13 13 7 7
4 1 4 0
6 6 6 3 6 0 9 9 6 9 6
3 3 0 5 3 8 8 5 8 15 10 15 15 15 3 23 18 23 20 18 23 23 3 25 23 3
6 4 4 6 6 0 8 6 11 11 8 6
2 7 5 5 2 7 0 7 10 7 13 13 7 7
4 1 4 0
6 6 6 3 6 0 9 9 6 9 6
3 3 0 5 3 8 8 5 8 15 10 15 15 15 3 23 18 23 20 18 23 23 3 25 23 3
6 4 4 6 6 0 8 6 11 11 8 6
2 7 5 5 2 7 0 7 10 7 13 13 7 7
7 1 4 7 7 7 0 7 7 12 12 7 7
0
6 6 6 3 6 0 9 9 6 9 6
3 3 0 5 3 8 8 5 8 15 10 15 15 15 3 23 18 23 20 18 23 23 3 25 23 3
6 4 4 6 6 0 8 6 11 11 8 6
2 7 5 5 2 7 0 7 10 7 13 13 7 7
7 1 4 7 7 7 0 7 7 12 12 7 7
6 6 6 3 6 0 9 9 6 9 6
3 3 0 5 3 8 8 5 8 15 10 15 15 15 3 23 18 23 20 18 23 23 3 25 23 3
6 4 4 6 6 0 8 6 11 11 8 6
2 7 5 5 2 7 0 7 10 7 13 13 7 7
7 1 4 7 7 7 0 7 7 12 12 7 7
0
6 6 6 3 6 0 9 9 6 9 6
3 3 0 5 3 8 8 5 8 15 10 15 15 15 3 23 18 23 20 18 23 23 3 25 23 3
6 4 4 6 6 0 8 6 11 11 8 6
2 7 5 5 2 7 0 7 10 7 13 13 7 7
7 1 4 7 7 7 0 7 7 12 12 7
6 6 6 3 6 0 9 9 6 9 6
3 3 0 5 3 8 8 5 8 15 10 15 15 15 3 23 18 23 20 18 23 23 3 25 23 3
6 4 4 6 6 0 8 6 11 11 8 6
2 7 5 5 2 7 0 7 10 7 13 13 7 7
7 1 4 7 7 7 0 7 7 12 12 7 7
