4 4 4 6 6 0 8 6 11 11 6 11 12
4 4 4 0 6 4 8 6 11 11 6 13 6
4 4 4 0 6 4 8 6 11 11 6 13 6 15 13 13
4 4 4 0 6 4 8 6 11 11 6 13 6 15 13 13
4 4 4 0 6 4 8 6 11 11 6 15 15 15 6 24 20 20 20 24 22 20 24 4 27 27 24
4 4 4 0 6 4 8 6 11 11 6 15 15 15 6 19 19 19 23 21 19 23 6 26 26 23
4 4 4 0 6 4 8 6 11 11 6 13 6 15 13 19 19 19 13 21 19 23 6 26 26 23
4 4 4 0 6 4 8 6 11 11 6 13 6 15 13
4 4 4 8 6 4 8 0 11 11 8
4 4 4 0 6 4 8 6 11 11 6 13 6 15 13 4
4 4 4 8 6 4 8 0 11 11 8
4 4 4 0 6 4 8 6 11 11 6 13 6 15 13 4
4 4 4 8 6 4 8 0 11 11 8 14 14
4 4 4 0 6 4 8 6 11 11 6 13 6 15 13 4
4 4 4 8 6 4 8 0 11 11 8 14 14
4 4 4 0 6 4 8 6 11 11 6 13 6 15 13 4
4 4 4 8 6 4 8 0 11 11 8 14 14 11 16 14 16 8
4 4 4 0 6 4 8 6 11 11 6 13 6 15 13 4
4 4 4 8 6 4 8 0 11 11 8 14 14 11 16 14 16 8
4 4 4 0 6 4 8 6 11 11 6 13 6 15 13 4
4 4 4 8 6 4 8 0 11 11 8 14 14 11 16 14 16 8
6 6 4 6 6 0 8 6 11 11 6 13 6 15 13 6
4 4 4 8 6 4 8 0 11 11 8 14 14 11 16 14 16 8
6 6 4 6 6 0 8 6 11 11 6 13 6 15 13 6
4 4 4 8 6 4 8 0 11 11 8 14 14 11 16 14 16 8
6 6 4 6 6 0 8 6 11 11 6 13 6 15 13 6
4 4 4 8 6 4 8 0 11 11 8 14 14 11 16 14 16 8
2 0 4 2 4
6 6 4 6 6 0 8 6 11 11 6 13 6 15 13 6
4 4 4 8 6 4 8 0 11 11 8 14 14 11 16 14 16 8
2 0 4 2
6 6 4 6 6 0 8 6 11 11 6 13 6 15 13 6
4 4 4 8 6 4 8 0 11 11 8 14 14 11 16 14 16 8
2 13 7 7 7 7 13 9 7 9 13 13 0 13 16 13 18 16 21 21 13 24 24 21
6 6 4 6 6 0 8 6 11 11 6 13 6 15 13 6
4 4 4 8 6 4 8 0 11 11 8 14 14 11 16 14 16 8
2 13 7 7 7 7 13 9 7 9 13 13 0 13 16 13 18 16 21 21 13 24 24 21
6 6 4 6 6 0 8 6 11 11 6 13 6 15 13 6
4 4 4 8 6 4 8 0 11 11 8 14 14 11 16 14 16 8
2 13 7 7 7 7 13 9 7 9 13 13 0 13 16 13 18 16 21 21 13 24 24 21 27 27 21 30 28 27 34 34 34 27 34 34 39 39 36 13
6 6 4 6 6 0 8 6 11 11 6 13 6 15 13 6
4 4 4 8 6 4 8 0 11 11 8 14 14 11 16 14 16 17 17
2 13 7 7 7 7 13 9 7 9 13 13 0 13 16 13 18 16 21 21 13 24 24 21 27 27 21 30 28 27 34 34 34 27 34 34 39 39 36 13
6 6 4 6 6 0 8 6 11 11 6 13 6 15 13 6
4 4 4 8 6 4 8 0 11 11 8 14 14 11 16 14 16 17 17
2 13 7 7 7 7 13 9 7 9 13 13 0 13 16 13 18 16 21 21 13 24 24 21 27 27 21 30 28 27 34 34 34 27 34 34 39 39 36 13
11 4 4 11 7 7 4 11 11 11 0 11 15 15
6 6 4 6 6 0 8 6 11 11 6 13 6 15 13 6
4 4 4 8 6 4 8 0 11 11 8 14 14 11 16 14 16 17 17
2 13 7 7 7 7 13 9 7 9 13 13 0 13 16 13 18 16 21 21 13 24 24 21 27 27 21 30 28 27 34 34 34 27 34 34 39 39 36 13
11 4 4 11 7 7 4 11 11 11
6 6 4 6 6 0 8 6 11 11 6 13 6 15 13 6
4 4 4 8 6 4 8 0 11 11 8 14 14 11 16 14 16 17 17
2 13 7 7 7 7 13 9 7 9 13 13 0 13 16 13 18 16 21 21 13 24 24 21 27 27 21 30 28 27 34 34 34 27 34 34 39 39 36 13
11 4 4 11 7 7 4 11 11 11 14 14 14 0 17 17 14 21 21 21
6 6 4 6 6 0 8 6 11 11 6 13 6 15 13 6
4 4 4 8 6 4 8 0 11 11 8 14 14 11 16 14 16 17 17
2 13 7 7 7 7 13 9 7 9 13 13 0 13 16 13 18 16 21 21 13 24 24 21 27 27 21 30 28 27 34 34 34 27 34 34 39 39 36 13
11 4 4 11 7 7 4 11 11 11 0 14 14 11 17 17 14 21 21 21
6 6 4 6 6 0 8 6 11 11 6 13 6 15 13 6
4 4 4 8 6 4 8 0 11 11 8 14 14 11 16 14 16 17 17
2 13 7 7 7 7 13 9 7 9 13 13 0 13 16 13 18 16 21 21 13 24 24 21 27 27 21 30 28 27 34 34 34 27 34 34 39 39 36 13
11 4 4 11 7 7 4 11 11 11 14 14 14 0 17 17 14 24 21 21 24 24 24 17
6 6 4 6 6 0 8 6 11 11 6 13 6 15 13 6
4 4 4 8 6 4 8 0 11 11 8 14 14 11 16 14 16 17 17
2 13 7 7 7 7 13 9 7 9 13 13 0 13 16 13 18 16 21 21 13 24 24 21 27 27 21 30 28 27 34 34 34 27 34 34 39 39 36 13
11 4 4 11 7 7 4 11 11 11 14 14 14 0 17 17 14 24 21 21 24 24 24
6 6 4 6 6 0 8 6 11 11 6 13 6 15 13 6
4 4 4 8 6 4 8 0 11 11 8 14 14 11 16 14 16 17 17
2 13 7 7 7 7 13 9 7 9 13 13 0 13 16 13 18 16 21 21 13 24 24 21 27 27 21 30 28 27 34 34 34 27 34 34 39 39 36 13
11 4 4 11 7 7 4 11 11 11 14 14 14 0 17 17 14 24 21 21 24 24 24 17 26 24 26 30 30 24 32 34 34
6 6 4 6 6 0 8 6 11 11 6 13 6 15 13 6
4 4 4 8 6 4 8 0 11 11 8 14 14 11 16 14 16 17 17
2 13 7 7 7 7 13 9 7 9 13 13 0 13 16 13 18 16 21 21 13 24 24 21 27 27 21 30 28 27 34 34 34 27 34 34 39 39 36 13
11 4 4 11 7 7 4 11 11 11 14 14 14 0 17 17 14 26 21 21 26 26 26 26 26 17 26 30 30 26 32 34 34
6 6 4 6 6 0 8 6 11 11 6 13 6 15 13 6
4 4 4 8 6 4 8 0 11 11 8 14 14 11 16 14 16 17 17
2 13 7 7 7 7 13 9 7 9 13 13 0 13 16 13 18 16 21 21 13 24 24 21 27 27 21 30 28 27 34 34 34 27 34 34 39 39 36 13
11 4 4 11 7 7 4 11 11 11 14 14 14 0 17 17 14 26 21 21 26 26 26 26 26 17 26 30 30 26 32 34 34
6 6 4 6 6 0 8 6 11 11 6 13 6 15 13 6
4 4 4 8 6 4 8 0 11 11 8 14 14 11 16 14 16 17 17
2 13 7 7 7 7 13 9 7 9 13 13 0 13 16 13 18 16 21 21 13 24 24 21 27 27 21 30 28 27 34 34 34 27 34 34 39 39 36 13
11 4 4 11 7 7 4 11 11 11 14 14 14 0 17 17 14 24 21 21 24 24 24 17 26 24 26 30 30 24 32 34 34
6 6 4 6 6 0 8 6 11 11 6 13 6 15 13 6
4 4 4 8 6 4 8 0 11 11 8 14 14 11 16 14 16 17 17
2 13 7 7 7 7 13 9 7 9 13 13 0 13 16 13 18 16 21 21 13 24 24 21 27 27 21 30 28 27 34 34 34 27 34 34 39 39 36 13
11 4 4 11 7 7 4 11 11 11 14 14 14 0 17 17 14 26 21 21 26 26 26 26 26 17 26 30 30 26 32 34 34
6 6 4 6 6 0 8 6 11 11 6 13 6 15 13 6
4 4 4 8 6 4 8 0 11 11 8 14 14 11 16 14 16 17 17
2 13 7 7 7 7 13 9 7 9 13 13 0 13 16 13 18 16 21 21 13 24 24 21 27 27 21 30 28 27 34 34 34 27 34 34 39 39 36 13
11 4 4 11 7 7 4 11 11 11 14 14 14 0 17 17 14 26 21 21 26 26 26 26 26 17 26 30 30 26 32 34 34 30 37 37 34 40 40 37
0 1
6 6 4 6 6 0 8 6 11 11 6 13 6 15 13 6
4 4 4 8 6 4 8 0 11 11 8 14 14 11 16 14 16 17 17
2 13 7 7 7 7 13 9 7 9 13 13 0 13 16 13 18 16 21 21 13 24 24 21 27 27 21 30 28 27 34 34 34 27 34 34 39 39 36 13
11 4 4 11 7 7 4 11 11 11 14 14 14 0 17 17 14 26 21 21 26 26 26 26 26 17 26 30 30 26 32 34 34 30 37 37 34 40 40 37
2 0
6 6 4 6 6 0 8 6 11 11 6 13 6 15 13 6
4 4 4 8 6 4 8 0 11 11 8 14 14 11 16 14 16 17 17
2 13 7 7 7 7 13 9 7 9 13 13 0 13 16 13 18 16 21 21 13 24 24 21 27 27 21 30 28 27 34 34 34 27 34 34 39 39 36 13
11 4 4 11 7 7 4 11 11 11 14 14 14 0 17 17 14 26 21 21 26 26 26 26 26 17 26 30 30 26 32 34 34 30 37 37 34 40 40 37
3 3 0
6 6 4 6 6 0 8 6 11 11 6 13 6 15 13 6
4 4 4 8 6 4 8 0 11 11 8 14 14 11 16 14 16 17 17
2 13 7 7 7 7 13 9 7 9 13 13 0 13 16 13 18 16 21 21 13 24 24 21 27 27 21 30 28 27 34 34 34 27 34 34 39 39 36 13
11 4 4 11 7 7 4 11 11 11 14 14 14 0 17 17 14 26 21 21 26 26 26 26 26 17 26 30 30 26 32 34 34 30 37 37 34 40 40 37
3 3 0
6 6 4 6 6 0 8 6 11 11 6 13 6 15 13 6
4 4 4 8 6 4 8 0 11 11 8 14 14 11 16 14 16 17 17
2 13 7 7 7 7 13 9 7 9 13 13 0 13 16 13 18 16 21 21 13 24 24 21 27 27 21 30 28 27 34 34 34 27 34 34 39 39 36 13
11 4 4 11 7 7 4 11 11 11 14 14 14 0 17 17 14 26 21 21 26 26 26 26 26 17 26 30 30 26 32 34 34 30 37 37 34 40 40 37
3 3 0 7 7 7 3 7 12 12 12 7
6 6 4 6 6 0 8 6 11 11 6 13 6 15 13 6
4 4 4 8 6 4 8 0 11 11 8 14 14 11 16 14 16 17 17
2 13 7 7 7 7 13 9 7 9 13 13 0 13 16 13 18 16 21 21 13 24 24 21 27 27 21 30 28 27 34 34 34 27 34 34 39 39 36 13
11 4 4 11 7 7 4 11 11 11 14 14 14 0 17 17 14 26 21 21 26 26 26 26 26 17 26 30 30 26 32 34 34 30 37 37 34 40 40 37
3 3 0 7 7 7 3 7 12 12 12 7
6 6 4 6 6 0 8 6 11 11 6 13 6 15 13 6
4 4 4 8 6 4 8 0 11 11 8 14 14 11 16 14 16 17 17
2 13 7 7 7 7 13 9 7 9 13 13 0 13 16 13 18 16 21 21 13 24 24 21 27 27 21 30 28 27 34 34 34 27 34 34 39 39 36 13
11 4 4 11 7 7 4 11 11 11 14 14 14 0 17 17 14 26 21 21 26 26 26 26 26 17 26 30 30 26 32 34 34 30 37 37 34 40 40 37
3 3 0 7 7 7 3 7 12 12 12 7 12 17 17 17 7 19 17 21 19 23 17 17
6 6 4 6 6 0 8 6 11 11 6 13 6 15 13 6
4 4 4 8 6 4 8 0 11 11 8 14 14 11 16 14 16 17 17
2 13 7 7 7 7 13 9 7 9 13 13 0 13 16 13 18 16 21 21 13 24 24 21 27 27 21 30 28 27 34 34 34 27 34 34 39 39 36 13
11 4 4 11 7 7 4 11 11 11 14 14 14 0 17 17 14 26 21 21 26 26 26 26 26 17 26 30 30 26 32 34 34 30 37 37 34 40 40 37
3 3 0 7 7 7 3 7 12 12 12 7 12 17 17 17 7 19 17 21 19 23 17 23
6 6 4 6 6 0 8 6 11 11 6 13 6 15 13 6
4 4 4 8 6 4 8 0 11 11 8 14 14 11 16 14 16 17 17
2 13 7 7 7 7 13 9 7 9 13 13 0 13 16 13 18 16 21 21 13 24 24 21 27 27 21 30 28 27 34 34 34 27 34 34 39 39 36 13
11 4 4 11 7 7 4 11 11 11 14 14 14 0 17 17 14 26 21 21 26 26 26 26 26 17 26 30 30 26 32 34 34 30 37 37 34 40 40 37
3 3 0 7 7 7 3 7 12 12 12 7 12 17 17 17 7 19 17 21 19 23 17 23
6 6 4 6 6 0 8 6 11 11 6 13 6 15 13 6
4 4 4 8 6 4 8 0 11 11 8 14 14 11 16 14 16 17 17
2 13 7 7 7 7 13 9 7 9 13 13 0 13 16 13 18 16 21 21 13 24 24 21 27 27 21 30 28 27 34 34 34 27 34 34 39 39 36 13
11 4 4 11 7 7 4 11 11 11 14 14 14 0 17 17 14 26 21 21 26 26 26 26 26 17 26 30 30 26 32 34 34 30 37 37 34 40 40 37
3 3 0 7 7 7 3 7 12 12 12 7 12 17 17 17 7 19 17 21 19 23 17 3
6 6 4 6 6 0 8 6 11 11 6 13 6 15 13 6
4 4 4 8 6 4 8 0 11 11 8 14 14 11 16 14 16 17 17
2 13 7 7 7 7 13 9 7 9 13 13 0 13 16 13 18 16 21 21 13 24 24 21 27 27 21 30 28 27 34 34 34 27 34 34 39 39 36 13
11 4 4 11 7 7 4 11 11 11 14 14 14 0 17 17 14 26 21 21 26 26 26 26 26 17 26 30 30 26 32 34 34 30 37 37 34 40 40 37
3 3 0 7 7 7 3 7 12 12 12 7 12 17 17 17 7 19 17 21 19 23 25 25 17 27 25
6 6 4 6 6 0 8 6 11 11 6 13 6 15 13 6
4 4 4 8 6 4 8 0 11 11 8 14 14 11 16 14 16 17 17
2 13 7 7 7 7 13 9 7 9 13 13 0 13 16 13 18 16 21 21 13 24 24 21 27 27 21 30 28 27 34 34 34 27 34 34 39 39 36 13
11 4 4 11 7 7 4 11 11 11 14 14 14 0 17 17 14 26 21 21 26 26 26 26 26 17 26 30 30 26 32 34 34 30 37 37 34 40 40 37
3 3 0 7 7 7 3 7 12 12 12 7 12 17 17 17 3 19 17 21 19 23 25 25 17 27 25
6 6 4 6 6 0 8 6 11 11 6 13 6 15 13 6
4 4 4 8 6 4 8 0 11 11 8 14 14 11 16 14 16 17 17
2 13 7 7 7 7 13 9 7 9 13 13 0 13 16 13 18 16 21 21 13 24 24 21 27 27 21 30 28 27 34 34 34 27 34 34 39 39 36 13
11 4 4 11 7 7 4 11 11 11 14 14 14 0 17 17 14 26 21 21 26 26 26 26 26 17 26 30 30 26 32 34 34 30 37 37 34 40 40 37
3 3 0 7 7 7 3 7 12 12 12 7 12 17 17 17 3 19 17 21 19 23 25 25 17 27 25 29 27
6 6 4 6 6 0 8 6 11 11 6 13 6 15 13 6
4 4 4 8 6 4 8 0 11 11 8 14 14 11 16 14 16 17 17
2 13 7 7 7 7 13 9 7 9 13 13 0 13 16 13 18 16 21 21 13 24 24 21 27 27 21 30 28 27 34 34 34 27 34 34 39 39 36 13
11 4 4 11 7 7 4 11 11 11 14 14 14 0 17 17 14 26 21 21 26 26 26 26 26 17 26 30 30 26 32 34 34 30 37 37 34 40 40 37
3 3 0 7 7 7 3 7 12 12 12 7 12 17 17 17 3 19 17 21 19 23 25 25 17 27 25 29 25
6 6 4 6 6 0 8 6 11 11 6 13 6 15 13 6
4 4 4 8 6 4 8 0 11 11 8 14 14 11 16 14 16 17 17
2 13 7 7 7 7 13 9 7 9 13 13 0 13 16 13 18 16 21 21 13 24 24 21 27 27 21 30 28 27 34 34 34 27 34 34 39 39 36 13
11 4 4 11 7 7 4 11 11 11 14 14 14 0 17 17 14 26 21 21 26 26 26 26 26 17 26 30 30 26 32 34 34 30 37 37 34 40 40 37
3 3 0 7 7 7 3 7 12 12 12 7 12 17 17 17 7 19 17 21 19 23 25 25 17 27 25 31 31 31 25 34 34 31 34 3
5 3 5 5 0 5 5 5
6 6 4 6 6 0 8 6 11 11 6 13 6 15 13 6
4 4 4 8 6 4 8 0 11 11 8 14 14 11 16 14 16 17 17
2 13 7 7 7 7 13 9 7 9 13 13 0 13 16 13 18 16 21 21 13 24 24 21 27 27 21 30 28 27 34 34 34 27 34 34 39 39 36 13
11 4 4 11 7 7 4 11 11 11 14 14 14 0 17 17 14 26 21 21 26 26 26 26 26 17 26 30 30 26 32 34 34 30 37 37 34 40 40 37
3 3 0 7 7 7 3 7 12 12 12 7 12 17 17 17 7 19 17 21 19 23 25 25 17 27 25 31 31 31 25 34 34 31 34 3
5 3 5 5 0 5 5
6 6 4 6 6 0 8 6 11 11 6 13 6 15 13 6
4 4 4 8 6 4 8 0 11 11 8 14 14 11 16 14 16 17 17
2 13 7 7 7 7 13 9 7 9 13 13 0 13 16 13 18 16 21 21 13 24 24 21 27 27 21 30 28 27 34 34 34 27 34 34 39 39 36 13
11 4 4 11 7 7 4 11 11 11 14 14 14 0 17 17 14 26 21 21 26 26 26 26 26 17 26 30 30 26 32 34 34 30 37 37 34 40 40 37
3 3 0 7 7 7 3 7 12 12 12 7 12 17 17 17 7 19 17 21 19 23 25 25 17 27 25 31 31 31 25 34 34 31 34 3
5 3 5 5 0 5 8 5 8 8 9 13 8 15 8 8 16 16
6 6 4 6 6 0 8 6 11 11 6 13 6 15 13 6
4 4 4 8 6 4 8 0 11 11 8 14 14 11 16 14 16 17 17
2 13 7 7 7 7 13 9 7 9 13 13 0 13 16 13 18 16 21 21 13 24 24 21 27 27 21 30 28 27 34 34 34 27 34 34 39 39 36 13
11 4 4 11 7 7 4 11 11 11 14 14 14 0 17 17 14 26 21 21 26 26 26 26 26 17 26 30 30 26 32 34 34 30 37 37 34 40 40 37
3 3 0 7 7 7 3 7 12 12 12 7 12 17 17 17 7 19 17 21 19 23 25 25 17 27 25 31 31 31 25 34 34 31 34 3
5 3 5 5 0 5 8 5 8 8 9 13 8 15 8 8 16 16
6 6 4 6 6 0 8 6 11 11 6 13 6 15 13 6
4 4 4 8 6 4 8 0 11 11 8 14 14 11 16 14 16 17 17
2 13 7 7 7 7 13 9 7 9 13 13 0 13 16 13 18 16 21 21 13 24 24 21 27 27 21 30 28 27 34 34 34 27 34 34 39 39 36 13
11 4 4 11 7 7 4 11 11 11 14 14 14 0 17 17 14 26 21 21 26 26 26 26 26 17 26 30 30 26 32 34 34 30 37 37 34 40 40 37
3 3 0 7 7 7 3 7 12 12 12 7 12 17 17 17 7 19 17 21 19 23 25 25 17 27 25 31 31 31 25 34 34 31 34 3
5 3 5 5 0 5 8 5 8 8 9 13 8 16 16 8 16 16 16 5 5
6 6 4 6 6 0 8 6 11 11 6 13 6 15 13 6
4 4 4 8 6 4 8 0 11 11 8 14 14 11 16 14 16 17 17
2 13 7 7 7 7 13 9 7 9 13 13 0 13 16 13 18 16 21 21 13 24 24 21 27 27 21 30 28 27 34 34 34 27 34 34 39 39 36 13
11 4 4 11 7 7 4 11 11 11 14 14 14 0 17 17 14 26 21 21 26 26 26 26 26 17 26 30 30 26 32 34 34 30 37 37 34 40 40 37
3 3 0 7 7 7 3 7 12 12 12 7 12 17 17 17 7 19 17 21 19 23 25 25 17 27 25 31 31 31 25 34 34 31 34 3
5 3 5 5 0 5 8 5 8 8 9 13 8 16 16 8 16 16 16 5
6 6 4 6 6 0 8 6 11 11 6 13 6 15 13 6
4 4 4 8 6 4 8 0 11 11 8 14 14 11 16 14 16 17 17
2 13 7 7 7 7 13 9 7 9 13 13 0 13 16 13 18 16 21 21 13 24 24 21 27 27 21 30 28 27 34 34 34 27 34 34 39 39 36 13
11 4 4 11 7 7 4 11 11 11 14 14 14 0 17 17 14 26 21 21 26 26 26 26 26 17 26 30 30 26 32 34 34 30 37 37 34 40 40 37
3 3 0 7 7 7 3 7 12 12 12 7 12 17 17 17 7 19 17 21 19 23 25 25 17 27 25 31 31 31 25 34 34 31 34 3
5 3 5 5 0 5 8 5 8 8 9 13 8 16 16 8 16 16 16 5
0 1
6 6 4 6 6 0 8 6 11 11 6 13 6 15 13 6
4 4 4 8 6 4 8 0 11 11 8 14 14 11 16 14 16 17 17
2 13 7 7 7 7 13 9 7 9 13 13 0 13 16 13 18 16 21 21 13 24 24 21 27 27 21 30 28 27 34 34 34 27 34 34 39 39 36 13
11 4 4 11 7 7 4 11 11 11 14 14 14 0 17 17 14 26 21 21 26 26 26 26 26 17 26 30 30 26 32 34 34 30 37 37 34 40 40 37
3 3 0 7 7 7 3 7 12 12 12 7 12 17 17 17 7 19 17 21 19 23 25 25 17 27 25 31 31 31 25 34 34 31 34 3
5 3 5 5 0 5 8 5 8 8 9 13 8 16 16 8 16 16 16 5
0 1
6 6 4 6 6 0 8 6 11 11 6 13 6 15 13 6
4 4 4 8 6 4 8 0 11 11 8 14 14 11 16 14 16 17 17
2 13 7 7 7 7 13 9 7 9 13 13 0 13 16 13 18 16 21 21 13 24 24 21 27 27 21 30 28 27 34 34 34 27 34 34 39 39 36 13
11 4 4 11 7 7 4 11 11 11 14 14 14 0 17 17 14 26 21 21 26 26 26 26 26 17 26 30 30 26 32 34 34 30 37 37 34 40 40 37
3 3 0 7 7 7 3 7 12 12 12 7 12 17 17 17 7 19 17 21 19 23 25 25 17 27 25 31 31 31 25 34 34 31 34 3
5 3 5 5 0 5 8 5 8 8 9 13 8 16 16 8 16 16 16 5
2 0
6 6 4 6 6 0 8 6 11 11 6 13 6 15 13 6
4 4 4 8 6 4 8 0 11 11 8 14 14 11 16 14 16 17 17
2 13 7 7 7 7 13 9 7 9 13 13 0 13 16 13 18 16 21 21 13 24 24 21 27 27 21 30 28 27 34 34 34 27 34 34 39 39 36 13
11 4 4 11 7 7 4 11 11 11 14 14 14 0 17 17 14 26 21 21 26 26 26 26 26 17 26 30 30 26 32 34 34 30 37 37 34 40 40 37
3 3 0 7 7 7 3 7 12 12 12 7 12 17 17 17 7 19 17 21 19 23 25 25 17 27 25 31 31 31 25 34 34 31 34 3
5 3 5 5 0 5 8 5 8 8 9 13 8 16 16 8 16 16 16 5
2 3 0 8 7 7 3 7
6 6 4 6 6 0 8 6 11 11 6 13 6 15 13 6
4 4 4 8 6 4 8 0 11 11 8 14 14 11 16 14 16 17 17
2 13 7 7 7 7 13 9 7 9 13 13 0 13 16 13 18 16 21 21 13 24 24 21 27 27 21 30 28 27 34 34 34 27 34 34 39 39 36 13
11 4 4 11 7 7 4 11 11 11 14 14 14 0 17 17 14 26 21 21 26 26 26 26 26 17 26 30 30 26 32 34 34 30 37 37 34 40 40 37
3 3 0 7 7 7 3 7 12 12 12 7 12 17 17 17 7 19 17 21 19 23 25 25 17 27 25 31 31 31 25 34 34 31 34 3
5 3 5 5 0 5 8 5 8 8 9 13 8 16 16 8 16 16 16 5
3 3 0 8 7 7 3 7
6 6 4 6 6 0 8 6 11 11 6 13 6 15 13 6
4 4 4 8 6 4 8 0 11 11 8 14 14 11 16 14 16 17 17
2 13 7 7 7 7 13 9 7 9 13 13 0 13 16 13 18 16 21 21 13 24 24 21 27 27 21 30 28 27 34 34 34 27 34 34 39 39 36 13
11 4 4 11 7 7 4 11 11 11 14 14 14 0 17 17 14 26 21 21 26 26 26 26 26 17 26 30 30 26 32 34 34 30 37 37 34 40 40 37
3 3 0 7 7 7 3 7 12 12 12 7 12 17 17 17 7 19 17 21 19 23 25 25 17 27 25 31 31 31 25 34 34 31 34 3
5 3 5 5 0 5 8 5 8 8 9 13 8 16 16 8 16 16 16 5
3 3 0 8 8 8 8 3 10 8
6 6 4 6 6 0 8 6 11 11 6 13 6 15 13 6
4 4 4 8 6 4 8 0 11 11 8 14 14 11 16 14 16 17 17
2 13 7 7 7 7 13 9 7 9 13 13 0 13 16 13 18 16 21 21 13 24 24 21 27 27 21 30 28 27 34 34 34 27 34 34 39 39 36 13
11 4 4 11 7 7 4 11 11 11 14 14 14 0 17 17 14 26 21 21 26 26 26 26 26 17 26 30 30 26 32 34 34 30 37 37 34 40 40 37
3 3 0 7 7 7 3 7 12 12 12 7 12 17 17 17 7 19 17 21 19 23 25 25 17 27 25 31 31 31 25 34 34 31 34 3
5 3 5 5 0 5 8 5 8 8 9 13 8 16 16 8 16 16 16 5
3 3 0 8 8 8 8 3 10 8
6 6 4 6 6 0 8 6 11 11 6 13 6 15 13 6
4 4 4 8 6 4 8 0 11 11 8 14 14 11 16 14 16 17 17
2 13 7 7 7 7 13 9 7 9 13 13 0 13 16 13 18 16 21 21 13 24 24 21 27 27 21 30 28 27 34 34 34 27 34 34 39 39 36 13
11 4 4 11 7 7 4 11 11 11 14 14 14 0 17 17 14 26 21 21 26 26 26 26 26 17 26 30 30 26 32 34 34 30 37 37 34 40 40 37
3 3 0 7 7 7 3 7 12 12 12 7 12 17 17 17 7 19 17 21 19 23 25 25 17 27 25 31 31 31 25 34 34 31 34 3
5 3 5 5 0 5 8 5 8 8 9 13 8 16 16 8 16 16 16 5
3 3 0 8 8 8 8 3 11 11 8
6 6 4 6 6 0 8 6 11 11 6 13 6 15 13 6
4 4 4 8 6 4 8 0 11 11 8 14 14 11 16 14 16 17 17
2 13 7 7 7 7 13 9 7 9 13 13 0 13 16 13 18 16 21 21 13 24 24 21 27 27 21 30 28 27 34 34 34 27 34 34 39 39 36 13
11 4 4 11 7 7 4 11 11 11 14 14 14 0 17 17 14 26 21 21 26 26 26 26 26 17 26 30 30 26 32 34 34 30 37 37 34 40 40 37
3 3 0 7 7 7 3 7 12 12 12 7 12 17 17 17 7 19 17 21 19 23 25 25 17 27 25 31 31 31 25 34 34 31 34 3
5 3 5 5 0 5 8 5 8 8 9 13 8 16 16 8 16 16 16 5
3 3 0 8 8 8 8 3 11 11 8
6 6 4 6 6 0 8 6 11 11 6 13 6 15 13 6
4 4 4 8 6 4 8 0 11 11 8 14 14 11 16 14 16 17 17
2 13 7 7 7 7 13 9 7 9 13 13 0 13 16 13 18 16 21 21 13 24 24 21 27 27 21 30 28 27 34 34 34 27 34 34 39 39 36 13
11 4 4 11 7 7 4 11 11 11 14 14 14 0 17 17 14 26 21 21 26 26 26 26 26 17 26 30 30 26 32 34 34 30 37 37 34 40 40 37
3 3 0 7 7 7 3 7 12 12 12 7 12 17 17 17 7 19 17 21 19 23 25 25 17 27 25 31 31 31 25 34 34 31 34 3
5 3 5 5 0 5 8 5 8 8 9 13 8 16 16 8 16 16 16 5
3 3 0 8 8 8 8 3 11 11 8
6 6 4 6 6 0 8 6 11 11 6 13 6 15 13 6
4 4 4 8 6 4 8 0 11 11 8 14 14 11 16 14 16 17 17
2 13 7 7 7 7 13 9 7 9 13 13 0 13 16 13 18 16 21 21 13 24 24 21 27 27 21 30 28 27 34 34 34 27 34 34 39 39 36 13
11 4 4 11 7 7 4 11 11 11 14 14 14 0 17 17 14 26 21 21 26 26 26 26 26 17 26 30 30 26 32 34 34 30 37 37 34 40 40 37
3 3 0 7 7 7 3 7 12 12 12 7 12 17 17 17 7 19 17 21 19 23 25 25 17 27 25 31 31 31 25 34 34 31 34 3
5 3 5 5 0 5 8 5 8 8 9 13 8 16 16 8 16 16 16 5
3 3 0 8 8 8 8 3 11 11 8
6 6 4 6 6 0 8 6 11 11 6 13 6 15 13 6
4 4 4 8 6 4 8 0 11 11 8 14 14 11 16 14 16 17 17
2 13 7 7 7 7 13 9 7 9 13 13 0 13 16 13 18 16 21 21 13 24 24 21 27 27 21 30 28 27 34 34 34 27 34 34 39 39 36 13
11 4 4 11 7 7 4 11 11 11 14 14 14 0 17 17 14 26 21 21 26 26 26 26 26 17 26 30 30 26 32 34 34 30 37 37 34 40 40 37
3 3 0 7 7 7 3 7 12 12 12 7 12 17 17 17 7 19 17 21 19 23 25 25 17 27 25 31 31 31 25 34 34 31 34 3
5 3 5 5 0 5 8 5 8 8 9 13 8 16 16 8 16 16 16 5
15 15 15 8 8 8 8 3 11 11 8 15 15 15 0 18 18 15 18 21 18 18
6 6 4 6 6 0 8 6 11 11 6 13 6 15 13 6
4 4 4 8 6 4 8 0 11 11 8 14 14 11 16 14 16 17 17
2 13 7 7 7 7 13 9 7 9 13 13 0 13 16 13 18 16 21 21 13 24 24 21 27 27 21 30 28 27 34 34 34 27 34 34 39 39 36 13
11 4 4 11 7 7 4 11 11 11 14 14 14 0 17 17 14 26 21 21 26 26 26 26 26 17 26 30 30 26 32 34 34 30 37 37 34 40 40 37
3 3 0 7 7 7 3 7 12 12 12 7 12 17 17 17 7 19 17 21 19 23 25 25 17 27 25 31 31 31 25 34 34 31 34 3
5 3 5 5 0 5 8 5 8 8 9 13 8 16 16 8 16 16 16 5
15 15 15 8 8 8 8 3 11 11 8 15 15 15 0 18 18 15 18 21 18
6 6 4 6 6 0 8 6 11 11 6 13 6 15 13 6
4 4 4 8 6 4 8 0 11 11 8 14 14 11 16 14 16 17 17
2 13 7 7 7 7 13 9 7 9 13 13 0 13 16 13 18 16 21 21 13 24 24 21 27 27 21 30 28 27 34 34 34 27 34 34 39 39 36 13
11 4 4 11 7 7 4 11 11 11 14 14 14 0 17 17 14 26 21 21 26 26 26 26 26 17 26 30 30 26 32 34 34 30 37 37 34 40 40 37
3 3 0 7 7 7 3 7 12 12 12 7 12 17 17 17 7 19 17 21 19 23 25 25 17 27 25 31 31 31 25 34 34 31 34 3
5 3 5 5 0 5 8 5 8 8 9 13 8 16 16 8 16 16 16 5
15 15 15 8 8 8 8 3 11 11 8 15 15 15 0 18 18 15 18 21 18 24 24 21 30 27 30 30 30 15 34 34 34 30 37 37 34 15
6 6 4 6 6 0 8 6 11 11 6 13 6 15 13 6
4 4 4 8 6 4 8 0 11 11 8 14 14 11 16 14 16 17 17
2 13 7 7 7 7 13 9 7 9 13 13 0 13 16 13 18 16 21 21 13 24 24 21 27 27 21 30 28 27 34 34 34 27 34 34 39 39 36 13
11 4 4 11 7 7 4 11 11 11 14 14 14 0 17 17 14 26 21 21 26 26 26 26 26 17 26 30 30 26 32 34 34 30 37 37 34 40 40 37
3 3 0 7 7 7 3 7 12 12 12 7 12 17 17 17 7 19 17 21 19 23 25 25 17 27 25 31 31 31 25 36 36 36 36 31 3
5 3 5 5 0 5 8 5 8 8 9 13 8 16 16 8 16 16 16 5
15 15 15 8 8 8 8 3 11 11 8 15 15 15 0 18 18 15 18 21 18 24 24 21 30 27 30 30 30 15 34 34 34 30 37 37 34 15
6 6 4 6 6 0 8 6 11 11 6 13 6 15 13 6
4 4 4 8 6 4 8 0 11 11 8 14 14 11 16 14 16 17 17
2 13 7 7 7 7 13 9 7 9 13 13 0 13 16 13 18 16 21 21 13 24 24 21 27 27 21 30 28 27 34 34 34 27 34 34 39 39 36 13
11 4 4 11 7 7 4 11 11 11 14 14 14 0 17 17 14 26 21 21 26 26 26 26 26 17 26 30 30 26 32 34 34 30 37 37 34 40 40 37
3 3 0 7 7 7 3 7 12 12 12 7 12 17 17 17 7 19 17 21 19 23 25 25 17 27 25 31 31 31 25 35 35 35 31 35 3
5 3 5 5 0 5 8 5 8 8 9 13 8 16 16 8 16 16 16 5
15 15 15 8 8 8 8 3 11 11 8 15 15 15 0 18 18 15 18 21 18 24 24 21 30 27 30 30 30 15 34 34 34 30 37 37 34 15
6 6 4 6 6 0 8 6 11 11 6 13 6 15 13 6
4 4 4 8 6 4 8 0 11 11 8 14 14 11 16 14 16 17 17
2 13 7 7 7 7 13 9 7 9 13 13 0 13 16 13 18 16 21 21 13 24 24 21 27 27 21 30 28 27 34 34 34 27 34 34 39 39 36 13
11 4 4 11 7 7 4 11 11 11 14 14 14 0 17 17 14 26 21 21 26 26 26 26 26 17 26 30 30 26 32 34 34 30 37 37 34 40 40 37
3 3 0 7 7 7 3 7 12 12 12 7 12 17 17 17 7 19 17 21 19 23 25 25 17 27 25 31 31 31 25 36 36 36 36 31 3
5 3 5 5 0 5 8 5 8 8 9 13 8 16 16 8 16 16 16 5
15 15 15 8 8 8 8 3 11 11 8 15 15 15 0 18 18 15 18 21 18 24 24 21 30 27 30 30 30 15 34 34 34 30 37 37 34 15
6 6 4 6 6 0 8 6 11 11 6 13 6 15 13 6
4 4 4 8 6 4 8 0 11 11 8 14 14 11 16 14 16 17 17
2 13 7 7 7 7 13 9 7 9 13 13 0 13 16 13 18 16 21 21 13 24 24 21 27 27 21 30 28 27 34 34 34 27 34 34 39 39 36 13
11 4 4 11 7 7 4 11 11 11 14 14 14 0 17 17 14 26 21 21 26 26 26 26 26 17 26 30 30 26 32 34 34 30 37 37 34 40 40 37
3 3 0 7 7 7 3 7 12 12 12 7 12 17 17 17 7 19 17 21 19 23 25 25 17 27 25 31 31 31 25 35 35 35 31 35 3
5 3 5 5 0 5 8 5 8 8 9 13 8 16 16 8 16 16 16 5
15 15 15 8 8 8 8 3 11 11 8 15 15 15 0 18 18 15 18 21 18 24 24 21 30 27 30 30 30 15 34 34 34 30 37 37 34 15
6 6 4 6 6 0 8 6 11 11 6 13 6 15 13 6
4 4 4 8 6 4 8 0 11 11 8 14 14 11 16 14 16 17 17
2 13 7 7 7 7 13 9 7 9 13 13 0 13 16 13 18 16 21 21 13 24 24 21 27 27 21 30 28 27 34 34 34 27 34 34 39 39 36 13
11 4 4 11 7 7 4 11 11 11 14 14 14 0 17 17 14 26 21 21 26 26 26 26 26 17 26 30 30 26 32 34 34 30 37 37 34 40 40 37
3 3 0 7 7 7 3 7 12 12 12 7 12 17 17 17 7 19 17 21 19 23 25 25 17 27 25 31 31 31 25 36 36 36 36 31 3
5 3 5 5 0 5 8 5 8 8 9 13 8 16 16 8 16 16 16 5
15 15 15 8 8 8 8 3 11 11 8 15 15 15 0 18 18 15 18 21 18 24 24 21 30 27 30 30 30 15 34 34 34 30 37 37 34 15
6 6 4 6 6 0 8 6 11 11 6 13 6 15 13 6
4 4 4 8 6 4 8 0 11 11 8 14 14 11 16 14 16 17 17
2 13 7 7 7 7 13 9 7 9 13 13 0 13 16 13 18 16 21 21 13 24 24 21 27 27 21 30 28 27 34 34 34 27 34 34 39 39 36 13
11 4 4 11 7 7 4 11 11 11 14 14 14 0 17 17 14 26 21 21 26 26 26 26 26 17 26 30 30 26 32 34 34 30 37 37 34 40 40 37
3 3 0 7 7 7 3 7 12 12 12 7 12 17 17 17 7 19 17 21 19 23 25 25 17 27 25 31 31 31 25 36 36 36 36 31 3
5 3 5 5 0 5 8 5 8 8 9 13 8 16 16 8 16 20 20 8 5
15 15 15 8 8 8 8 3 11 11 8 15 15 15 0 18 18 15 18 21 18 24 24 21 30 27 30 30 30 15 34 34 34 30 37 37 34 15
6 6 4 6 6 0 8 6 11 11 6 13 6 15 13 6
4 4 4 8 6 4 8 0 11 11 8 14 14 11 16 14 16 17 17
2 13 7 7 7 7 13 9 7 9 13 13 0 13 16 13 18 16 21 21 13 24 24 21 27 27 21 30 28 27 34 34 34 27 34 34 39 39 36 13
11 4 4 11 7 7 4 11 11 11 14 14 14 0 17 17 14 26 21 21 26 26 26 26 26 17 26 30 30 26 32 34 34 30 37 37 34 40 40 37
3 3 0 7 7 7 3 7 12 12 12 7 12 17 17 17 7 19 17 21 19 23 25 25 17 27 25 31 31 31 25 36 36 36 36 31 3
5 3 5 5 0 5 8 5 8 8 9 13 8 16 16 8 16 20 20 8 5
15 15 15 8 8 8 8 3 11 11 8 15 15 15 0 18 18 15 18 21 18 24 24 21 28 28 28 15 32 32 32 28 35 35 32 15
6 6 4 6 6 0 8 6 11 11 6 13 6 15 13 6
4 4 4 8 6 4 8 0 11 11 8 14 14 11 16 14 16 17 17
2 13 7 7 7 7 13 9 7 9 13 13 0 13 16 13 18 16 21 21 13 24 24 21 27 27 21 30 28 27 34 34 34 27 34 34 39 39 36 13
11 4 4 11 7 7 4 11 11 11 14 14 14 0 17 17 14 26 21 21 26 26 26 26 26 17 26 30 30 26 32 34 34 30 37 37 34 40 40 37
3 3 0 7 7 7 3 7 12 12 12 7 12 17 17 17 7 19 17 21 19 23 25 25 17 27 25 31 31 31 25 36 36 36 36 31 3
5 3 5 5 0 5 8 5 8 8 9 13 8 16 16 8 16 20 20 8 5
15 15 15 8 8 8 8 3 11 11 8 15 15 15 0 18 18 15 18 21 18 24 24 21 30 27 30 30 30 15 34 34 34 30 37 37 34 15
6 6 4 6 6 0 8 6 11 11 6 13 6 15 13 6
4 4 4 8 6 4 8 0 11 11 8 14 14 11 16 14 16 17 17
2 13 7 7 7 7 13 9 7 9 13 13 0 13 16 13 18 16 21 21 13 24 24 21 27 27 21 30 28 27 34 34 34 27 34 34 39 39 36 13
11 4 4 11 7 7 4 11 11 11 14 14 14 0 17 17 14 26 21 21 26 26 26 26 26 17 26 30 30 26 32 34 34 30 37 37 34 40 40 37
3 3 0 7 7 7 3 7 12 12 12 7 12 17 17 17 7 19 17 21 19 23 25 25 17 27 25 31 31 31 25 36 36 36 36 31 3
5 3 5 5 0 5 8 5 8 8 9 13 8 16 16 8 16 20 20 8 5
15 15 15 8 8 8 8 3 11 11 8 15 15 15 0 18 18 15 18 21 18 24 24 21 30 27 30 30 30 15 34 34 34 30 37 37 34 15
