0
0
0 4 4 1 7 7 4 7 1
0 4 4 1 7 7 4 7
9 4 4 1 7 7 4 9 0
9 4 4 1 7 7 4 9 0
9 4 4 1 7 7 4 9 0 11 9
11 4 4 1 7 7 4 11 11 11 0
9 4 4 1 7 7 4 9 0 11 9 11 11 16 16 11 19 19 16 22 22
9 4 4 1 7 7 4 9 0 11 9 11 11 16 16 11 19 19 16 21
9 4 4 1 7 7 4 9 0 25 25 11 25 16 16 13 19 19 16 22 22 19 13 25 9 25
9 4 4 1 7 7 4 9 0 25 25 11 25 16 16 11 19 19 16 22 22 19 13 25 9 25
9 4 4 1 7 7 4 9 0 25 25 11 11 16 16 11 19 19 16 22 22 19 11 25 9 25 28 26 31 31
9 4 4 1 7 7 4 9 0 25 25 11 25 16 16 11 19 19 16 22 22 19 11 25 9 25 28 26 31 31
9 4 4 1 7 7 4 9 0 25 25 11 11 16 16 11 19 19 16 22 22 19 13 25 9 25 28 26 31 31 28 33 31 36 36 25 39 39
9 4 4 1 7 7 4 9 0 25 25 11 25 16 16 11 19 19 16 22 22 19 13 25 9 25 28 26 31 31 28 33 31 36 36 25 39
9 4 4 1 7 7 4 9 0 25 25 11 11 16 16 11 19 19 16 22 22 19 13 25 9 25 28 26 31 31 28 33 31 36 36 25 40 40
9 4 4 1 7 7 4 9 0 25 25 11 25 16 16 11 19 19 16 22 22 19 13 25 9 25 28 26 31 31 28 33 31 36 36 25 40 40
9 4 4 1 7 7 4 9 0 25 25 11 11 16 16 11 19 19 16 22 22 19 13 25 9 25 28 26 31 31 28 33 31 36 36 25 39 39 36 46 46 45 45 45
9 4 4 1 7 7 4 9 0 25 25 11 11 16 16 11 19 19 16 22 22 19 13 25 9 25 28 26 31 31 28 33 31 36 36 25 39 39 36 39 45 45 45 45
9 4 4 1 7 7 4 9 0 25 25 11 11 16 16 11 19 19 16 22 22 19 13 25 9 25 28 26 31 31 28 33 31 36 36 25 39 39 36 39 47 45 45 45 39 47 45 47 51 51 47 53
9 4 4 1 7 7 4 9 0 25 25 11 11 16 16 11 19 19 16 22 22 19 13 25 9 25 28 26 31 31 28 33 31 36 36 25 39 39 36 39 47 45 45 45 39 47 45 47 51 51 47 54
9 4 4 1 7 7 4 9 0 25 25 11 11 16 16 11 19 19 16 22 22 19 13 25 9 25 28 26 31 31 28 33 31 36 36 25 39 39 36 39 51 45 45 45 39 47 45 47 51 51 47 54
9 4 4 1 7 7 4 9 0 25 25 11 11 16 16 11 19 19 16 22 22 19 13 25 9 25 28 26 31 31 28 33 31 36 36 25 39 39 36 39 47 45 45 45 39 47 45 47 51 51 47 54
9 4 4 1 7 7 4 9 0 25 25 11 11 16 16 11 19 19 16 22 22 19 13 25 9 25 28 26 31 31 28 33 31 36 36 25 39 39 36 39 51 45 45 45 39 47 45 47 51 51 47 54
9 4 4 1 7 7 4 9 0 25 25 11 11 16 16 11 19 19 16 22 22 19 13 25 9 25 28 26 31 31 28 33 31 36 36 25 39 39 36 39 47 45 45 45 39 47 45 47 51 51 47 54 54 51 56 54 59 59 9 59 59 63 61 66 66 59 66 69 67 72 72
9 4 4 1 7 7 4 9 0 25 25 11 11 16 16 11 19 19 16 22 22 19 13 25 9 25 28 26 31 31 28 33 31 36 36 25 39 39 36 39 47 45 45 45 39 47 45 47 51 51 47 54 54 51 56 54 59 59 9 59 59 63 61 66 66 61 66 69 67 72 72
9 4 4 1 7 7 4 9 0 25 25 11 11 16 16 11 19 19 16 22 22 19 13 25 9 25 28 26 31 31 28 33 31 36 36 25 39 39 36 39 47 45 45 45 39 47 45 47 51 51 47 54 54 47 56 54 59 59 9 59 59 63 61 66 66 61 66 69 67 72 72 59 72 75 73
9 4 4 1 7 7 4 9 0 25 25 11 11 16 16 11 19 19 16 22 22 19 13 25 9 25 28 26 31 31 28 33 31 36 36 25 39 39 36 39 47 45 45 45 39 47 45 47 51 51 47 54 54 47 56 54 59 59 9 59 59 63 61 66 66 59 66 69 67 72 72 59 72 75 73
9 4 4 1 7 7 4 9 0 25 25 11 11 16 16 11 19 19 16 22 22 19 13 25 9 25 28 26 31 31 28 33 31 36 36 25 39 39 36 39 47 45 45 45 39 47 45 47 51 51 47 54 54 47 56 54 59 59 9 59 59 63 61 66 66 61 66 69 67 72 72 59 72 75 73
9 4 4 1 7 7 4 9 0 25 25 11 11 16 16 11 19 19 16 22 22 19 13 25 9 25 28 26 31 31 28 33 31 36 36 25 39 39 36 39 47 45 45 45 39 47 45 47 51 51 47 54 54 47 56 54 59 59 9 59 59 63 61 66 66 59 66 69 67 72 72 59 72 75 73
9 4 4 1 7 7 4 9 0 25 25 11 11 16 16 11 19 19 16 22 22 19 13 25 9 25 28 26 31 31 28 33 31 36 36 25 39 39 36 39 47 45 45 45 39 47 45 47 51 51 47 54 54 47 56 54 59 59 9 59 59 63 61 66 66 61 66 69 67 72 72 59 72 75 73 73 76 76
9 4 4 1 7 7 4 9 0 25 25 11 11 16 16 11 19 19 16 22 22 19 13 25 9 25 28 26 31 31 28 33 31 36 36 25 39 39 36 39 47 45 45 45 39 47 45 51 51 51 47 54 54 47 56 54 59 59 9 59 59 63 61 66 66 61 66 69 67 72 72 59 72 75 73 73 76 76
9 4 4 1 7 7 4 9 0 25 25 11 11 16 16 11 19 19 16 22 22 19 13 25 9 25 28 26 31 31 28 33 31 36 36 25 39 39 36 39 47 45 45 45 39 47 45 47 51 51 47 54 54 47 56 54 59 59 9 59 59 63 61 66 66 61 66 69 67 72 72 59 72 75 73 73 76 76 81
9 4 4 1 7 7 4 9 0 25 25 11 11 16 16 11 19 19 16 22 22 19 13 25 9 25 28 26 31 31 28 33 31 36 36 25 39 39 36 39 47 45 45 45 36 47 45 47 51 51 47 54 54 47 56 54 59 59 9 59 59 63 61 66 66 61 66 69 67 72 72 59 72 75 73 73 76 76 81
9 4 4 1 7 7 4 9 0 25 25 11 11 16 16 11 19 19 16 22 22 19 13 25 9 25 28 26 31 31 28 33 31 36 36 25 39 39 36 39 47 45 45 45 36 47 45 47 51 51 47 54 54 47 56 54 59 59 9 59 59 63 61 66 66 61 66 69 67 72 72 59 72 75 73 73 76 76 81 81 76
9 4 4 1 7 7 4 9 0 25 25 11 11 16 16 11 19 19 16 22 22 19 13 25 9 25 28 26 31 31 28 33 31 36 36 25 39 39 36 39 47 45 45 45 36 47 45 47 51 51 47 54 54 47 56 54 59 59 9 59 59 63 61 66 66 61 66 69 67 72 72 59 72 75 73 73 76 76 81 81 76
9 4 4 1 7 7 4 9 0 25 25 11 11 16 16 11 19 19 16 22 22 19 13 25 9 25 28 26 31 31 28 33 31 36 36 25 39 39 36 39 47 45 45 45 36 47 45 47 51 51 47 54 54 47 56 54 59 59 9 59 59 63 61 66 66 61 66 69 67 72 72 66 72 75 73 73 76 76 81 81 76 84 84 81 86 84
9 4 4 1 7 7 4 9 0 25 25 11 11 16 16 11 19 19 16 22 22 19 13 25 9 25 28 26 31 31 28 33 31 37 37 37 25 40 40 37 40 48 46 46 46 37 48 46 48 52 52 48 55 55 48 57 55 60 60 9 60 60 64 62 67 67 62 67 70 68 73 73 67 73 76 74 74 77 77 82 82 77 85 85 82 87 85
9 4 4 1 7 7 4 9 0 25 25 11 11 16 16 11 19 19 16 22 22 19 13 25 9 25 28 26 31 31 28 33 31 36 36 25 39 39 36 39 47 45 45 45 36 47 45 47 51 51 47 54 54 47 56 54 59 59 9 59 59 63 61 66 66 61 66 69 67 72 72 66 72 75 73 73 76 76 81 81 76 84 84 81 86 84
9 4 4 1 7 7 4 9 0 25 25 11 11 16 16 11 19 19 16 22 22 19 13 25 9 25 28 26 31 31 28 33 31 37 37 37 25 40 40 37 40 48 46 46 46 37 48 46 48 52 52 48 55 55 48 57 55 60 60 55 60 60 64 62 67 67 62 67 70 68 73 73 67 73 76 74 74 77 77 82 82 77 85 85 82 87 85
9 4 4 1 7 7 4 9 0 25 25 11 11 16 16 11 19 19 16 22 22 19 13 25 9 25 28 26 31 31 28 33 31 37 37 37 25 40 40 37 40 48 46 46 46 37 48 46 48 52 52 48 56 56 56 9 58 56 61 61 56 61 61 65 63 68 68 63 68 71 69 74 74 61 74 77 75 75 78 78 83 83 78 86 86 83 88 86
9 4 4 1 7 7 4 9 0 25 25 11 11 16 16 11 19 19 16 22 22 19 13 25 9 25 28 26 31 31 28 33 31 37 37 37 9 40 40 37 40 46 46 46 46 37 48 46 48 52 52 48 56 56 56 9 58 56 61 61 9 61 61 65 63 68 68 61 68 71
3 3 0 3 6 4 9 9 4 12 12 9 15 15 12 17 15 19 17
9 4 4 1 7 7 4 9 0 25 25 11 11 16 16 11 19 19 16 22 22 19 13 25 9 25 28 26 31 31 28 33 31 37 37 37 9 40 40 37 40 46 46 46 46 37 48 46 48 52 52 48 56 56 56 9 58 56 61 61 9 61 61 65 63 68 68 61 68 71
3 3 0 3 6 4 9 9 4 12 12 9 15 15 12 17 15 19 17
9 4 4 1 7 7 4 9 0 25 25 11 11 16 16 11 19 19 16 22 22 19 13 25 9 25 28 26 31 31 28 33 31 37 37 37 9 40 40 37 40 46 46 46 46 37 48 46 48 52 52 48 56 56 56 9 58 56 61 61 9 61 61 65 63 68 68 61 68 71
3 3 0 3 6 4 4 7 7 12 12 7 15 15 12 17 15 19 17
9 4 4 1 7 7 4 9 0 25 25 11 11 16 16 11 19 19 16 22 22 19 13 25 9 25 28 26 31 31 28 33 31 37 37 37 9 40 40 37 40 46 46 46 46 37 48 46 48 52 52 48 56 56 56 9 58 56 61 61 9 61 61 65 63 68 68 61 68 71
