0 3 1
3 3 0 5 3 7 3
3 3 0 5 3 3
3 3 0 5 3 7 3 9 7 12 12 9 12 16 16 12
3 3 0 5 3 7 3 9 7 12 12 9 12 13 14
3 3 18 5 3 7 3 9 7 12 12 9 12 18 18 18 18 0 18 19
3 3 0 5 3 7 3 9 7 12 12 9 12 18 18 18 18 9 18
3 3 18 5 3 7 3 9 7 12 12 9 12 18 18 18 18 0 20 18
3 3 18 5 3 7 3 9 7 12 12 9 12 18 18 18 18 0 18
3 3 18 5 3 7 3 9 7 12 12 9 12 18 18 18 18 0 18 18
3 3 18 5 3 7 3 9 7 12 12 9 12 18 18 18 18 0 18 18
3 3 18 5 3 7 3 9 7 12 12 9 12 18 18 18 18 0 21 21 18 24 24 21 27 25 24 30 30 27 27 34 34 31
3 3 18 5 3 7 3 9 7 12 12 9 12 18 18 18 18 0 21 21 18 24 24 21 27 25 24 30 30 27
3 3 18 5 3 7 3 9 7 12 12 9 12 18 18 18 18 0 21 21 18 24 24 21 27 25 24 30 30 27 18
3 3 18 5 3 7 3 9 7 12 12 9 12 18 18 18 18 0 21 21 18 24 24 21 27 25 24 30 30 27
3 3 18 5 3 7 3 9 7 12 12 9 12 18 18 18 18 0 21 21 18 24 24 21 27 25 24 30 30 27 32 27 36 36 36 32 38
3 3 18 5 3 7 3 9 7 12 12 9 12 18 18 18 18 0 21 21 18 24 24 21 27 25 24 30 30 27 32 27 36 36 36 32 36
3 3 18 5 3 7 3 9 7 12 12 9 12 18 18 18 18 0 21 21 18 24 24 21 27 25 24 30 30 27 32 27 36 36 36 32 38
3 3 18 5 3 7 3 9 7 12 12 9 12 18 18 18 18 0 21 21 18 24 24 21 27 25 24 30 30 27 38 38 36 36 36 32 38
3 3 18 5 3 7 3 9 7 12 12 9 12 18 18 18 18 0 21 21 18 24 24 21 27 25 24 30 30 27 38 38 36 36 36 32 38
3 3 18 5 3 7 3 9 7 12 12 9 12 18 18 18 18 0 21 21 18 24 24 21 27 25 24 30 30 27 32 27 36 36 36 32 38
3 3 18 5 3 7 3 9 7 12 12 9 12 18 18 18 18 0 21 21 18 24 24 21 27 25 24 30 30 27 32 27 36 36 36 32 38 32 38 44 44 44 44 18 44
3 3 18 5 3 7 3 9 7 12 12 9 12 18 18 18 18 0 21 21 18 24 24 21 27 25 24 30 30 27 32 27 36 36 36 32 38 32 38 44 44 44 44 24
3 3 18 5 3 7 3 9 7 12 12 9 12 18 18 18 18 0 21 21 18 24 24 21 27 25 24 30 30 27 32 27 36 36 36 32 38 32 38 44 44 44 44 24 44 48 48
3 3 18 5 3 7 3 9 7 12 12 9 12 18 18 18 18 0 21 21 18 24 24 21 27 25 24 30 30 27 32 27 36 36 36 32 38 32 38 44 44 44 44 24 44 48 48
3 3 18 5 3 7 3 9 7 12 12 9 12 18 18 18 18 0 21 21 18 24 24 21 27 25 24 30 30 27 32 27 36 36 36 32 38 32 38 44 44 44 44 24 44 48 48 44 50
3 3 18 5 3 7 3 9 7 12 12 9 12 18 18 18 18 0 21 21 18 24 24 21 27 25 24 30 30 27 32 27 36 36 36 32 38 32 38 44 44 44 44 24 44 48 48
3 3 18 5 3 7 3 9 7 12 12 9 12 18 18 18 18 0 21 21 18 24 24 21 27 25 24 30 30 27 32 27 36 36 36 32 38 32 38 44 44 44 44 24 44 48 48 44 50 44 52 44 52
3 3 18 5 3 7 3 9 7 12 12 9 12 18 18 18 18 0 21 21 18 24 24 21 27 25 24 30 30 27 32 27 36 36 36 32 38 32 38 44 44 44 44 24 44 48 48 44 50 44 52 44
3 3 18 5 3 7 3 9 7 12 12 9 12 18 18 18 18 0 21 21 18 24 24 21 27 25 24 30 30 27 32 27 36 36 36 32 38 32 38 44 44 44 44 24 44 48 48 44 50 44 52 44 52 60 60 60 56 57 60
3 3 18 5 3 7 3 9 7 12 12 9 12 18 18 18 18 0 21 21 18 24 24 21 27 25 24 30 30 27 32 27 36 36 36 32 38 32 38 44 44 44 44 24 44 48 48 44 50 44 52 44 52 52 52 54
3 3 18 5 3 7 3 9 7 12 12 9 12 18 18 18 18 0 21 21 18 24 24 21 27 25 24 30 30 27 32 27 36 36 36 32 38 32 38 44 44 44 44 24 44 48 48 44 50 44 52 44 52 58 58 58 58 44
3 3 18 5 3 7 3 9 7 12 12 9 12 18 18 18 18 0 21 21 18 24 24 21 27 25 24 30 30 27 32 27 36 36 36 32 38 32 38 44 44 44 44 24 44 48 48 44 50 44 52 44 52 58 58 58 58
3 3 18 5 3 7 3 9 7 12 12 9 12 18 18 18 18 0 21 21 18 24 24 21 27 25 24 30 30 27 32 27 36 36 36 32 38 32 38 44 44 44 44 24 44 48 48 44 50 44 52 44 52 58 58 58 58 44 58 62 62
3 3 18 5 3 7 3 9 7 12 12 9 12 18 18 18 18 0 20 18 23 23 20 26 24 23 29 29 26 31 26 35 35 35 31 37 31 37 43 43 43 43 23 43 47 47 43 49 43 51 43 51 57 57 57 57 43 57 61 61
3 3 18 5 3 7 3 9 7 12 12 9 12 18 18 18 18 0 20 18 23 23 20 26 24 23 29 29 26 31 26 35 35 35 31 37 31 37 43 43 43 43 23 43 47 47 43 49 43 51 43 51 57 57 57 57 43 57 61 61 57 20
4 4 4 0 7 7
3 3 18 5 3 7 3 9 7 12 12 9 12 18 18 18 18 0 20 18 23 23 20 26 24 23 29 29 26 31 26 35 35 35 31 37 31 37 43 43 43 43 23 43 47 47 43 49 43 51 43 51 57 57 57 57 43 57 61 61 57 20
3 3 18 5 3 7 3 9 7 12 12 9 12 18 18 18 18 0 20 18 23 23 20 26 24 23 29 29 26 31 26 35 35 35 31 37 31 37 43 43 43 43 23 43 47 47 43 49 43 51 43 51 57 57 57 57 43 57 61 61 57 20
3 3 0
3 3 18 5 3 7 3 9 7 12 12 9 12 18 18 18 18 0 20 18 23 23 20 26 24 23 29 29 26 31 26 35 35 35 31 37 31 37 43 43 43 43 23 43 47 47 43 49 43 51 43 51 57 57 57 57 43 57 61 61 57 20
4 4 4
3 3 18 5 3 7 3 9 7 12 12 9 12 18 18 18 18 0 20 18 23 23 20 26 24 23 29 29 26 31 26 35 35 35 31 37 31 37 43 43 43 43 23 43 47 47 43 49 43 51 43 51 57 57 57 57 43 57 61 61 57 20
3 3 0
3 3 18 5 3 7 3 9 7 12 12 9 12 18 18 18 18 0 20 18 23 23 20 26 24 23 29 29 26 31 26 35 35 35 31 37 31 37 43 43 43 43 23 43 47 47 43 49 43 51 43 51 57 57 57 57 43 57 61 61 57 20
4 4 4
3 3 18 5 3 7 3 9 7 12 12 9 12 18 18 18 18 0 20 18 23 23 20 26 24 23 29 29 26 31 26 35 35 35 31 37 31 37 43 43 43 43 23 43 47 47 43 49 43 51 43 51 57 57 57 57 43 57 61 61 57 20
4 4 4 0 6
3 3 18 5 3 7 3 9 7 12 12 9 12 18 18 18 18 0 20 18 23 23 20 26 24 23 29 29 26 31 26 35 35 35 31 37 31 37 43 43 43 43 23 43 47 47 43 49 43 51 43 51 57 57 57 57 43 57 61 61 57 20
4 4 4 0 6
3 3 18 5 3 7 3 9 7 12 12 9 12 18 18 18 18 0 20 18 23 23 20 26 24 23 29 29 26 31 26 35 35 35 31 37 31 37 43 43 43 43 23 43 47 47 43 49 43 51 43 51 57 57 57 57 43 57 61 61 57 20
4 4 4 0 6
3 3 18 5 3 7 3 9 7 12 12 9 12 18 18 18 18 0 20 18 23 23 20 26 24 23 29 29 26 31 26 35 35 35 31 37 31 37 43 43 43 43 23 43 47 47 43 49 43 51 43 51 57 57 57 57 43 57 61 61 57 20
4 4 4 0 6
3 3 18 5 3 7 3 9 7 12 12 9 12 18 18 18 18 0 20 18 23 23 20 26 24 23 29 29 26 31 26 35 35 35 31 37 31 37 43 43 43 43 23 43 47 47 43 49 43 51 43 51 57 57 57 57 43 57 61 61 57 20
4 4 4 0 7 7 4
3 3 18 5 3 7 3 9 7 12 12 9 12 18 18 18 18 0 20 18 23 23 20 26 24 23 29 29 26 31 26 35 35 35 31 37 31 37 43 43 43 43 23 43 47 47 43 49 43 51 43 51 57 57 57 57 43 57 61 61 57 20
4 4 4
3 3 18 5 3 7 3 9 7 12 12 9 12 18 18 18 18 0 20 18 23 23 20 26 24 23 29 29 26 31 26 35 35 35 31 37 31 37 43 43 43 43 23 43 47 47 43 49 43 51 43 51 57 57 57 57 43 57 61 61 57 20
4 4 4 6 6 0 10 10 10 6 10
3 3 18 5 3 7 3 9 7 12 12 9 12 18 18 18 18 0 20 18 23 23 20 26 24 23 29 29 26 31 26 35 35 35 31 37 31 37 43 43 43 43 23 43 47 47 43 49 43 51 43 51 57 57 57 57 43 57 61 61 57 20
4 4 4 6 6 0 10 10 10 6 12
3 3 18 5 3 7 3 9 7 12 12 9 12 18 18 18 18 0 20 18 23 23 20 26 24 23 29 29 26 31 26 35 35 35 31 37 31 37 43 43 43 43 23 43 47 47 43 49 43 51 43 51 57 57 57 57 43 57 61 61 57 20
4 4 4 6 6 0 13 10 10 13 13 13 6 15
3 3 18 5 3 7 3 9 7 12 12 9 12 18 18 18 18 0 20 18 23 23 20 26 24 23 29 29 26 31 26 35 35 35 31 37 31 37 43 43 43 43 23 43 47 47 43 49 43 51 43 51 57 57 57 57 43 57 61 61 57 20
4 4 4 6 6 0 13 10 10 13 13 13 6 15
3 3 18 5 3 7 3 9 7 12 12 9 12 18 18 18 18 0 20 18 23 23 20 26 24 23 29 29 26 31 26 35 35 35 31 37 31 37 43 43 43 43 23 43 47 47 43 49 43 51 43 51 57 57 57 57 43 57 61 61 57 20
4 4 4 6 6 0 12 10 10 12 12 6 12 15 13
3 3 18 5 3 7 3 9 7 12 12 9 12 18 18 18 18 0 20 18 23 23 20 26 24 23 29 29 26 31 26 35 35 35 31 37 31 37 43 43 43 43 23 43 47 47 43 49 43 51 43 51 57 57 57 57 43 57 61 61 57 20
4 4 4 6 6 0 13 10 10 13 13 13 6 15
3 3 18 5 3 7 3 9 7 12 12 9 12 18 18 18 18 0 20 18 23 23 20 26 24 23 29 29 26 31 26 35 35 35 31 37 31 37 43 43 43 43 23 43 47 47 43 49 43 51 43 51 57 57 57 57 43 57 61 61 57 20
4 4 4 6 6 0 12 10 10 12 12 6 12 15 13 6
3 3 18 5 3 7 3 9 7 12 12 9 12 18 18 18 18 0 20 18 23 23 20 26 24 23 29 29 26 31 26 35 35 35 31 37 31 37 43 43 43 43 23 43 47 47 43 49 43 51 43 51 57 57 57 57 43 57 61 61 57 20
4 4 4 6 6 0 12 10 10 12 12 6 12 15 13
3 3 18 5 3 7 3 9 7 12 12 9 12 18 18 18 18 0 20 18 23 23 20 26 24 23 29 29 26 31 26 35 35 35 31 37 31 37 43 43 43 43 23 43 47 47 43 49 43 51 43 51 57 57 57 57 43 57 61 61 57 20
4 4 4 6 6 0 12 10 10 12 12 6 12 15 13 6
2
3 3 18 5 3 7 3 9 7 12 12 9 12 18 18 18 18 0 20 18 23 23 20 26 24 23 29 29 26 31 26 35 35 35 31 37 31 37 43 43 43 43 23 43 47 47 43 49 43 51 43 51 57 57 57 57 43 57 61 61 57 20
4 4 4 6 6 0 12 10 10 12 12 6 12 15 13 6
2
3 3 18 5 3 7 3 9 7 12 12 9 12 18 18 18 18 0 20 18 23 23 20 26 24 23 29 29 26 31 26 35 35 35 31 37 31 37 43 43 43 43 23 43 47 47 43 49 43 51 43 51 57 57 57 57 43 57 61 61 57 20
4 4 4 6 6 0 12 10 10 12 12 6 12 15 13 6
6 6 6 6 6
3 3 18 5 3 7 3 9 7 12 12 9 12 18 18 18 18 0 20 18 23 23 20 26 24 23 29 29 26 31 26 35 35 35 31 37 31 37 43 43 43 43 23 43 47 47 43 49 43 51 43 51 57 57 57 57 43 57 61 61 57 20
4 4 4 6 6 0 12 10 10 12 12 6 12 15 13 6
5 5 5 5 0
3 3 18 5 3 7 3 9 7 12 12 9 12 18 18 18 18 0 20 18 23 23 20 26 24 23 29 29 26 31 26 35 35 35 31 37 31 37 43 43 43 43 23 43 47 47 43 49 43 51 43 51 57 57 57 57 43 57 61 61 57 20
4 4 4 6 6 0 12 10 10 12 12 6 12 15 13 6
6 6 6 6 6 0 9 7
3 3 18 5 3 7 3 9 7 12 12 9 12 18 18 18 18 0 20 18 23 23 20 26 24 23 29 29 26 31 26 35 35 35 31 37 31 37 43 43 43 43 23 43 47 47 43 49 43 51 43 51 57 57 57 57 43 57 61 61 57 20
4 4 4 6 6 0 12 10 10 12 12 6 12 15 13 6
6 6 6 6 6 0 9 7
3 3 18 5 3 7 3 9 7 12 12 9 12 18 18 18 18 0 20 18 23 23 20 26 24 23 29 29 26 31 26 35 35 35 31 37 31 37 43 43 43 43 23 43 47 47 43 49 43 51 43 51 57 57 57 57 43 57 61 61 57 20
4 4 4 6 6 0 12 10 10 12 12 6 12 15 13 6
6 6 6 6 6 0 9 7 6
3 3 18 5 3 7 3 9 7 12 12 9 12 18 18 18 18 0 20 18 23 23 20 26 24 23 29 29 26 31 26 35 35 35 31 37 31 37 43 43 43 43 23 43 47 47 43 49 43 51 43 51 57 57 57 57 43 57 61 61 57 20
4 4 4 6 6 0 12 10 10 12 12 6 12 15 13 6
6 6 6 6 6 0 9 7
3 3 18 5 3 7 3 9 7 12 12 9 12 18 18 18 18 0 20 18 23 23 20 26 24 23 29 29 26 31 26 35 35 35 31 37 31 37 43 43 43 43 23 43 47 47 43 49 43 51 43 51 57 57 57 57 43 57 61 61 57 20
4 4 4 6 6 0 12 10 10 12 12 6 12 15 13 6
6 6 6 6 6 11 9 9 6 6
3 3 18 5 3 7 3 9 7 12 12 9 12 18 18 18 18 0 20 18 23 23 20 26 24 23 29 29 26 31 26 35 35 35 31 37 31 37 43 43 43 43 23 43 47 47 43 49 43 51 43 51 57 57 57 57 43 57 61 61 57 20
4 4 4 6 6 0 12 10 10 12 12 6 12 15 13 6
6 6 6 6 6 0 9 7
3 3 18 5 3 7 3 9 7 12 12 9 12 18 18 18 18 0 20 18 23 23 20 26 24 23 29 29 26 31 26 35 35 35 31 37 31 37 43 43 43 43 23 43 47 47 43 49 43 51 43 51 57 57 57 57 43 57 61 61 57 20
4 4 4 6 6 0 12 10 10 12 12 6 12 15 13 6
12 12 6 6 6 12 9 9 6 6 12 0 14
3 3 18 5 3 7 3 9 7 12 12 9 12 18 18 18 18 0 20 18 23 23 20 26 24 23 29 29 26 31 26 35 35 35 31 37 31 37 43 43 43 43 23 43 47 47 43 49 43 51 43 51 57 57 57 57 43 57 61 61 57 20
4 4 4 6 6 0 12 10 10 12 12 6 12 15 13 6
11 11 6 6 6 11 9 9 6 11 0
3 3 18 5 3 7 3 9 7 12 12 9 12 18 18 18 18 0 20 18 23 23 20 26 24 23 29 29 26 31 26 35 35 35 31 37 31 37 43 43 43 43 23 43 47 47 43 49 43 51 43 51 57 57 57 57 43 57 61 61 57 20
4 4 4 6 6 0 12 10 10 12 12 6 12 15 13 6
11 11 6 6 6 11 9 9 6 11 0 14 14
3 3 18 5 3 7 3 9 7 12 12 9 12 18 18 18 18 0 20 18 23 23 20 26 24 23 29 29 26 31 26 35 35 35 31 37 31 37 43 43 43 43 23 43 47 47 43 49 43 51 43 51 57 57 57 57 43 57 61 61 57 20
4 4 4 6 6 0 12 10 10 12 12 6 12 15 13 6
11 11 6 6 6 11 9 9 6 11 0 14 14
3 3 18 5 3 7 3 9 7 12 12 9 12 18 18 18 18 0 20 18 23 23 20 26 24 23 29 29 26 31 26 35 35 35 31 37 31 37 43 43 43 43 23 43 47 47 43 49 43 51 43 51 57 57 57 57 43 57 61 61 57 20
4 4 4 6 6 0 12 10 10 12 12 6 12 15 13 6
11 11 6 6 6 11 9 9 6 11 0 14 14 11 11 17 15 19 15 22
3 3 18 5 3 7 3 9 7 12 12 9 12 18 18 18 18 0 20 18 23 23 20 26 24 23 29 29 26 31 26 35 35 35 31 37 31 37 43 43 43 43 23 43 47 47 43 49 43 51 43 51 57 57 57 57 43 57 61 61 57 20
4 4 4 6 6 0 12 10 10 12 12 6 12 15 13 6
11 11 6 6 6 11 9 9 6 11 0 14 14 11 11 17 15 19
3 3 18 5 3 7 3 9 7 12 12 9 12 18 18 18 18 0 20 18 23 23 20 26 24 23 29 29 26 31 26 35 35 35 31 37 31 37 43 43 43 43 23 43 47 47 43 49 43 51 43 51 57 57 57 57 43 57 61 61 57 20
4 4 4 6 6 0 12 10 10 12 12 6 12 15 13 6
11 11 6 6 6 11 9 9 6 11 0 14 14 11 11 17 15 19 11 30 22 24 24 19 26 24 29
3 3 18 5 3 7 3 9 7 12 12 9 12 18 18 18 18 0 20 18 23 23 20 26 24 23 29 29 26 31 26 35 35 35 31 37 31 37 43 43 43 43 23 43 47 47 43 49 43 51 43 51 57 57 57 57 43 57 61 61 57 20
4 4 4 6 6 0 12 10 10 12 12 6 12 15 13 6
11 11 6 6 6 11 9 9 6 11 0 14 14 11 11 17 15 19 11 24 22 24 24 19 26 24
3 3 18 5 3 7 3 9 7 12 12 9 12 18 18 18 18 0 20 18 23 23 20 26 24 23 29 29 26 31 26 35 35 35 31 37 31 37 43 43 43 43 23 43 47 47 43 49 43 51 43 51 57 57 57 57 43 57 61 61 57 20
4 4 4 6 6 0 12 10 10 12 12 6 12 15 13 6
11 11 6 6 6 11 9 9 6 11 0 14 14 11 11 17 15 19 11 31 22 31 24 31 26 24 29 29 26 31 19 33
3 3 18 5 3 7 3 9 7 12 12 9 12 18 18 18 18 0 20 18 23 23 20 26 24 23 29 29 26 31 26 35 35 35 31 37 31 37 43 43 43 43 23 43 47 47 43 49 43 51 43 51 57 57 57 57 43 57 61 61 57 20
4 4 4 6 6 0 12 10 10 12 12 6 12 15 13 6
11 11 6 6 6 11 9 9 6 11 0 14 14 11 11 17 15 19 11 31 22 31 24 31 26 24 29 29 26 31 19 33
3 3 18 5 3 7 3 9 7 12 12 9 12 18 18 18 18 0 20 18 23 23 20 26 24 23 29 29 26 31 26 35 35 35 31 37 31 37 43 43 43 43 23 43 47 47 43 49 43 51 43 51 57 57 57 57 43 57 61 61 57 20
4 4 4 6 6 0 12 10 10 12 12 6 12 15 13 6
11 11 6 6 6 11 9 9 6 11 0 14 14 11 11 17 15 19 11 31 22 31 24 31 26 24 29 29 26 31 19 33 31 11
2
3 3 18 5 3 7 3 9 7 12 12 9 12 18 18 18 18 0 20 18 23 23 20 26 24 23 29 29 26 31 26 35 35 35 31 37 31 37 43 43 43 43 23 43 47 47 43 49 43 51 43 51 57 57 57 57 43 57 61 61 57 20
4 4 4 6 6 0 12 10 10 12 12 6 12 15 13 6
11 11 6 6 6 11 9 9 6 11 0 14 14 11 11 17 15 19 11 31 22 31 24 31 26 24 29 29 26 31 19 33 31 11
2
3 3 18 5 3 7 3 9 7 12 12 9 12 18 18 18 18 0 20 18 23 23 20 26 24 23 29 29 26 31 26 35 35 35 31 37 31 37 43 43 43 43 23 43 47 47 43 49 43 51 43 51 57 57 57 57 43 57 61 61 57 20
4 4 4 6 6 0 12 10 10 12 12 6 12 15 13 6
11 11 6 6 6 11 9 9 6 11 0 14 14 11 11 17 15 19 11 31 22 31 24 31 26 24 29 29 26 31 19 33 31 11
2
3 3 18 5 3 7 3 9 7 12 12 9 12 18 18 18 18 0 20 18 23 23 20 26 24 23 29 29 26 31 26 35 35 35 31 37 31 37 43 43 43 43 23 43 47 47 43 49 43 51 43 51 57 57 57 57 43 57 61 61 57 20
4 4 4 6 6 0 12 10 10 12 12 6 12 15 13 6
11 11 6 6 6 11 9 9 6 11 0 14 14 11 11 17 15 19 11 31 22 31 24 31 26 24 29 29 26 31 19 33 31 11
2
3 3 18 5 3 7 3 9 7 12 12 9 12 18 18 18 18 0 20 18 23 23 20 26 24 23 29 29 26 31 26 35 35 35 31 37 31 37 43 43 43 43 23 43 47 47 43 49 43 51 43 51 57 57 57 57 43 57 61 61 57 20
4 4 4 6 6 0 12 10 10 12 12 6 12 15 13 6
11 11 6 6 6 11 9 9 6 11 0 14 14 11 11 17 15 19 11 31 22 31 24 31 26 24 29 29 26 31 19 33 31 11
2
3 3 18 5 3 7 3 9 7 12 12 9 12 18 18 18 18 0 20 18 23 23 20 26 24 23 29 29 26 31 26 35 35 35 31 37 31 37 43 43 43 43 23 43 47 47 43 49 43 51 43 51 57 57 57 57 43 57 61 61 57 20
4 4 4 6 6 0 12 10 10 12 12 6 12 15 13 6
11 11 6 6 6 11 9 9 6 11 0 14 14 11 11 17 15 19 11 31 22 31 24 31 26 24 29 29 26 31 19 33 31 11
2
3 3 18 5 3 7 3 9 7 12 12 9 12 18 18 18 18 0 20 18 23 23 20 26 24 23 29 29 26 31 26 35 35 35 31 37 31 37 43 43 43 43 23 43 47 47 43 49 43 51 43 51 57 57 57 57 43 57 61 61 57 20
4 4 4 6 6 0 12 10 10 12 12 6 12 15 13 6
11 11 6 6 6 11 9 9 6 11 0 14 14 11 11 17 15 19 11 31 22 31 24 31 26 24 29 29 26 31 19 33 31 11
2
3 3 18 5 3 7 3 9 7 12 12 9 12 18 18 18 18 0 20 18 23 23 20 26 24 23 29 29 26 31 26 35 35 35 31 37 31 37 43 43 43 43 23 43 47 47 43 49 43 51 43 51 57 57 57 57 43 57 61 61 57 20
4 4 4 6 6 0 12 10 10 12 12 6 12 15 13 6
11 11 6 6 6 11 9 9 6 11 0 14 14 11 11 17 15 19 11 31 22 31 24 31 26 24 29 29 26 31 19 33 31 11
2
3 3 18 5 3 7 3 9 7 12 12 9 12 18 18 18 18 0 20 18 23 23 20 26 24 23 29 29 26 31 26 35 35 35 31 37 31 37 43 43 43 43 23 43 47 47 43 49 43 51 43 51 57 57 57 57 43 57 61 61 57 20
4 4 4 6 6 0 12 10 10 12 12 6 12 15 13 6
11 11 6 6 6 11 9 9 6 11 0 14 14 11 11 17 15 19 11 31 22 31 24 31 26 24 29 29 26 31 19 33 31 11
2
3 3 18 5 3 7 3 9 7 12 12 9 12 18 18 18 18 0 20 18 23 23 20 26 24 23 29 29 26 31 26 35 35 35 31 37 31 37 43 43 43 43 23 43 47 47 43 49 43 51 43 51 57 57 57 57 43 57 61 61 57 20
4 4 4 6 6 0 12 10 10 12 12 6 12 15 13 6
11 11 6 6 6 11 9 9 6 11 0 14 14 11 11 17 15 19 11 31 22 31 24 31 26 24 29 29 26 31 19 33 31 11
3 3 18 5 3 7 3 9 7 12 12 9 12 18 18 18 18 0 20 18 23 23 20 26 24 23 29 29 26 31 26 35 35 35 31 37 31 37 43 43 43 43 23 43 47 47 43 49 43 51 43 51 57 57 57 57 43 57 61 61 57 20
4 4 4 6 6 0 12 10 10 12 12 6 12 15 13 6
11 11 6 6 6 11 9 9 6 11 0 14 14 11 11 17 15 19 11 31 22 31 24 31 26 24 29 29 26 31 19 33 31 11
2
3 3 18 5 3 7 3 9 7 12 12 9 12 18 18 18 18 0 20 18 23 23 20 26 24 23 29 29 26 31 26 35 35 35 31 37 31 37 43 43 43 43 23 43 47 47 43 49 43 51 43 51 57 57 57 57 43 57 61 61 57 20
4 4 4 6 6 0 12 10 10 12 12 6 12 15 13 6
11 11 6 6 6 11 9 9 6 11 0 14 14 11 11 17 15 19 11 31 22 31 24 31 26 24 29 29 26 31 19 33 31 11
3 3 18 5 3 7 3 9 7 12 12 9 12 18 18 18 18 0 20 18 23 23 20 26 24 23 29 29 26 31 26 35 35 35 31 37 31 37 43 43 43 43 23 43 47 47 43 49 43 51 43 51 57 57 57 57 43 57 61 61 57 20
4 4 4 6 6 0 12 10 10 12 12 6 12 15 13 6
11 11 6 6 6 11 9 9 6 11 0 14 14 11 11 17 15 19 11 31 22 31 24 31 26 24 29 29 26 31 19 33 31 11
2 0
3 3 18 5 3 7 3 9 7 12 12 9 12 18 18 18 18 0 20 18 23 23 20 26 24 23 29 29 26 31 26 35 35 35 31 37 31 37 43 43 43 43 23 43 47 47 43 49 43 51 43 51 57 57 57 57 43 57 61 61 57 20
4 4 4 6 6 0 12 10 10 12 12 6 12 15 13 6
11 11 6 6 6 11 9 9 6 11 0 14 14 11 11 17 15 19 11 31 22 31 24 31 26 24 29 29 26 31 19 33 31 11
2
3 3 18 5 3 7 3 9 7 12 12 9 12 18 18 18 18 0 20 18 23 23 20 26 24 23 29 29 26 31 26 35 35 35 31 37 31 37 43 43 43 43 23 43 47 47 43 49 43 51 43 51 57 57 57 57 43 57 61 61 57 20
4 4 4 6 6 0 12 10 10 12 12 6 12 15 13 6
11 11 6 6 6 11 9 9 6 11 0 14 14 11 11 17 15 19 11 31 22 31 24 31 26 24 29 29 26 31 19 33 31 11
2 0 4 2 7
3 3 18 5 3 7 3 9 7 12 12 9 12 18 18 18 18 0 20 18 23 23 20 26 24 23 29 29 26 31 26 35 35 35 31 37 31 37 43 43 43 43 23 43 47 47 43 49 43 51 43 51 57 57 57 57 43 57 61 61 57 20
4 4 4 6 6 0 12 10 10 12 12 6 12 15 13 6
11 11 6 6 6 11 9 9 6 11 0 14 14 11 11 17 15 19 11 31 22 31 24 31 26 24 29 29 26 31 19 33 31 11
2 0 4 2 7
3 3 18 5 3 7 3 9 7 12 12 9 12 18 18 18 18 0 20 18 23 23 20 26 24 23 29 29 26 31 26 35 35 35 31 37 31 37 43 43 43 43 23 43 47 47 43 49 43 51 43 51 57 57 57 57 43 57 61 61 57 20
4 4 4 6 6 0 12 10 10 12 12 6 12 15 13 6
11 11 6 6 6 11 9 9 6 11 0 14 14 11 11 17 15 19 11 31 22 31 24 31 26 24 29 29 26 31 19 33 31 11
12 12 4 2 7 7 4 10 10 7 12 0 12 16 16 13 19
3 3 18 5 3 7 3 9 7 12 12 9 12 18 18 18 18 0 20 18 23 23 20 26 24 23 29 29 26 31 26 35 35 35 31 37 31 37 43 43 43 43 23 43 47 47 43 49 43 51 43 51 57 57 57 57 43 57 61 61 57 20
4 4 4 6 6 0 12 10 10 12 12 6 12 15 13 6
11 11 6 6 6 11 9 9 6 11 0 14 14 11 11 17 15 19 11 31 22 31 24 31 26 24 29 29 26 31 19 33 31 11
12 12 4 2 7 7 4 10 10 7 12 0 12 16 16 13
3 3 18 5 3 7 3 9 7 12 12 9 12 18 18 18 18 0 20 18 23 23 20 26 24 23 29 29 26 31 26 35 35 35 31 37 31 37 43 43 43 43 23 43 47 47 43 49 43 51 43 51 57 57 57 57 43 57 61 61 57 20
4 4 4 6 6 0 12 10 10 12 12 6 12 15 13 6
11 11 6 6 6 11 9 9 6 11 0 14 14 11 11 17 15 19 11 31 22 31 24 31 26 24 29 29 26 31 19 33 31 11
12 12 4 2 7 7 4 10 10 7 12 0 12 16 16 13 20 20 20 13
3 3 18 5 3 7 3 9 7 12 12 9 12 18 18 18 18 0 20 18 23 23 20 26 24 23 29 29 26 31 26 35 35 35 31 37 31 37 43 43 43 43 23 43 47 47 43 49 43 51 43 51 57 57 57 57 43 57 61 61 57 20
4 4 4 6 6 0 12 10 10 12 12 6 12 15 13 6
11 11 6 6 6 11 9 9 6 11 0 14 14 11 11 17 15 19 11 31 22 31 24 31 26 24 29 29 26 31 19 33 31 11
12 12 4 2 7 7 4 10 10 7 12 0 12 16 16 13 20 20 20
3 3 18 5 3 7 3 9 7 12 12 9 12 18 18 18 18 0 20 18 23 23 20 26 24 23 29 29 26 31 26 35 35 35 31 37 31 37 43 43 43 43 23 43 47 47 43 49 43 51 43 51 57 57 57 57 43 57 61 61 57 20
4 4 4 6 6 0 12 10 10 12 12 6 12 15 13 6
11 11 6 6 6 11 9 9 6 11 0 14 14 11 11 17 15 19 11 31 22 31 24 31 26 24 29 29 26 31 19 33 31 11
12 12 4 2 7 7 4 10 10 7 12 0 12 16 16 13 25 20 20 25 23 23 20 25 12
3 3 18 5 3 7 3 9 7 12 12 9 12 18 18 18 18 0 20 18 23 23 20 26 24 23 29 29 26 31 26 35 35 35 31 37 31 37 43 43 43 43 23 43 47 47 43 49 43 51 43 51 57 57 57 57 43 57 61 61 57 20
4 4 4 6 6 0 12 10 10 12 12 6 12 15 13 6
11 11 6 6 6 11 9 9 6 11 0 14 14 11 11 17 15 19 11 31 22 31 24 31 26 24 29 29 26 31 19 33 31 11
12 12 4 2 7 7 4 10 10 7 12 0 12 16 16 13 25 20 20 25 23 23 20 25 12
3 3 18 5 3 7 3 9 7 12 12 9 12 18 18 18 18 0 20 18 23 23 20 26 24 23 29 29 26 31 26 35 35 35 31 37 31 37 43 43 43 43 23 43 47 47 43 49 43 51 43 51 57 57 57 57 43 57 61 61 57 20
4 4 4 6 6 0 12 10 10 12 12 6 12 15 13 6
11 11 6 6 6 11 9 9 6 11 0 14 14 11 11 17 15 19 11 31 22 31 24 31 26 24 29 29 26 31 19 33 31 11
12 12 4 2 7 7 4 10 10 7 12 0 12 16 16 13 25 20 20 25 23 23 20 25 12 28 28 25 31 31 28
3 3 18 5 3 7 3 9 7 12 12 9 12 18 18 18 18 0 20 18 23 23 20 26 24 23 29 29 26 31 26 35 35 35 31 37 31 37 43 43 43 43 23 43 47 47 43 49 43 51 43 51 57 57 57 57 43 57 61 61 57 20
4 4 4 6 6 0 12 10 10 12 12 6 12 15 13 6
11 11 6 6 6 11 9 9 6 11 0 14 14 11 11 17 15 19 11 31 22 31 24 31 26 24 29 29 26 31 19 33 31 11
12 12 4 2 7 7 4 10 10 7 12 0 12 16 16 13 25 20 20 25 23 23 20 25 12 28 28 25 31 31 34
3 3 18 5 3 7 3 9 7 12 12 9 12 18 18 18 18 0 20 18 23 23 20 26 24 23 29 29 26 31 26 35 35 35 31 37 31 37 43 43 43 43 23 43 47 47 43 49 43 51 43 51 57 57 57 57 43 57 61 61 57 20
4 4 4 6 6 0 12 10 10 12 12 6 12 15 13 6
11 11 6 6 6 11 9 9 6 11 0 14 14 11 11 17 15 19 11 31 22 31 24 31 26 24 29 29 26 31 19 33 31 11
12 12 4 2 7 7 4 10 10 7 12 0 12 16 16 13 25 20 20 25 23 23 20 25 12 28 28 25 31 31 28
3 3 19 5 3 3 8 6 10 8 13 13 10 13 19 19 19 19 0 21 19 24 24 21 27 25 24 30 30 27 32 27 36 36 36 32 38 32 38 44 44 44 44 24 44 48 48 44 50 44 52 44 52 58 58 58 58 44 58 62 62 58 21
4 4 4 6 6 0 12 10 10 12 12 6 12 15 13 6
11 11 6 6 6 11 9 9 6 11 0 14 14 11 11 17 15 19 11 31 22 31 24 31 26 24 29 29 26 31 19 33 31 11
12 12 4 2 7 7 4 10 10 7 12 0 12 16 16 13 25 20 20 25 23 23 20 25 12 28 28 25 31 31 28
3 3 0 5 3 3 8 6 10 8 13 13 10 13 3
5 5 5 5 0 7 5 10 10 7 13 11 10 16 16 13 18 13 22 22 22 18 24 18 24 30 30 30 30 10 30 34 34 30 36 30 38 30 38 44 44 44 44 30 44 48 48 44 5
4 4 4 6 6 0 12 10 10 12 12 6 12 15 13 6
11 11 6 6 6 11 9 9 6 11 0 14 14 11 11 17 15 19 11 31 22 31 24 31 26 24 29 29 26 31 19 33 31 11
12 12 4 2 7 7 4 10 10 7 12 0 12 16 16 13 25 20 20 25 23 23 20 25 12 28 28 25 31 31 28
3 3 0 5 3 3 8 6 10 8 13 13 10 13 3
5 5 5 5 8 8 8 0 11 11 8 14 12 11 17 17 14 19 14 23 23 23 19 25 19 25 31 31 31 31 11 31 35 35 31 37 31 39 31 39 45 45 45 45 31 45 49 49 45 8
4 4 4 6 6 0 12 10 10 12 12 6 12 15 13 6
11 11 6 6 6 11 9 9 6 11 0 14 14 11 11 17 15 19 11 31 22 31 24 31 26 24 29 29 26 31 19 33 31 11
12 12 4 2 7 7 4 10 10 7 12 0 12 16 16 13 25 20 20 25 23 23 20 25 12 28 28 25 31 31 28
3 3 0 5 3 3 8 6 10 8 13 13 10 13 3
5 5 5 5 8 8 8 0 11 11 8 14 12 11 17 17 14 19 14 23 23 23 19 25 19 25 31 31 31 31 11 31 35 35 31 37 31 39 31 39 45 45 45 45 31 45 49 49 45 52 52 45 54 52 8
4 4 4 6 6 0 12 10 10 12 12 6 12 15 13 6
11 11 6 6 6 11 9 9 6 11 0 14 14 11 11 17 15 19 11 31 22 31 24 31 26 24 29 29 26 31 19 33 31 11
12 12 4 2 7 7 4 10 10 7 12 0 12 16 16 13 25 20 20 25 23 23 20 25 12 28 28 25 31 31 28
3 3 0 5 3 3 8 6 10 8 13 13 10 13 3
5 5 5 5 8 8 8 0 11 11 8 14 12 11 17 17 14 19 14 23 23 23 19 25 19 25 31 31 31 31 11 31 35 35 31 37 31 39 31 39 45 45 45 45 31 45 49 49 45 53 53 53 45 55 53 8
4 4 4 6 6 0 12 10 10 12 12 6 12 15 13 6
11 11 6 6 6 11 9 9 6 11 0 14 14 11 11 17 15 19 11 31 22 31 24 31 26 24 29 29 26 31 19 33 31 11
12 12 4 2 7 7 4 10 10 7 12 0 12 16 16 13 25 20 20 25 23 23 20 25 12 28 28 25 31 31 28
3 3 0 5 3 3 8 6 10 8 13 13 10 13 3
5 5 5 5 8 8 8 0 11 11 8 14 12 11 17 17 14 19 14 23 23 23 19 25 19 25 31 31 31 31 11 31 35 35 31 37 31 39 31 39 45 45 45 45 31 45 49 49 45 53 53 53 45 55 53 55 8
4 4 4 6 6 0 12 10 10 12 12 6 12 15 13 6
11 11 6 6 6 11 9 9 6 11 0 14 14 11 11 17 15 19 11 31 22 31 24 31 26 24 29 29 26 31 19 33 31 11
12 12 4 2 7 7 4 10 10 7 12 0 12 16 16 13 25 20 20 25 23 23 20 25 12 28 28 25 31 31 28
3 3 0 5 3 3 8 6 10 8 13 13 10 13 3
5 5 5 5 8 8 8 0 11 11 8 14 12 11 17 17 14 19 14 23 23 23 19 25 19 25 31 31 31 31 11 31 35 35 31 37 31 39 31 39 45 45 45 45 31 45 49 49 45 53 53 53 45 55 53 55 8
4 4 4 6 6 0 12 10 10 12 12 6 12 15 13 6
11 11 6 6 6 11 9 9 6 11 0 14 14 11 11 17 15 19 11 31 22 31 24 31 26 24 29 29 26 31 19 33 31 11
12 12 4 2 7 7 4 10 10 7 12 0 12 16 16 13 25 20 20 25 23 23 20 25 12 28 28 25 31 31 28
3 3 0 5 3 3 8 6 10 8 13 13 10 13 3
5 5 5 5 8 8 8 0 11 11 8 14 12 11 17 17 14 19 14 23 23 23 19 25 19 25 31 31 31 31 11 31 35 35 31 37 31 39 31 39 45 45 45 45 31 45 49 49 45 53 53 53 45 55 53 55 8
3 3 4 6 6 0 9 9 6 11 9 15 15 15 11 17 6 17 20 18 6
11 11 6 6 6 11 9 9 6 11 0 14 14 11 11 17 15 19 11 31 22 31 24 31 26 24 29 29 26 31 19 33 31 11
12 12 4 2 7 7 4 10 10 7 12 0 12 16 16 13 25 20 20 25 23 23 20 25 12 28 28 25 31 31 28
3 3 0 5 3 3 8 6 10 8 13 13 10 13 3
5 5 5 5 8 8 8 0 11 11 8 14 12 11 17 17 14 19 14 23 23 23 19 25 19 25 31 31 31 31 11 31 35 35 31 37 31 39 31 39 45 45 45 45 31 45 49 49 45 53 53 53 45 55 53 55 8
4 4 4 6 6 0 9 9 6 11 9 16 16 16 16 11 18 6 18 21 19 6
11 11 6 6 6 11 9 9 6 11 0 14 14 11 11 17 15 19 11 31 22 31 24 31 26 24 29 29 26 31 19 33 31 11
12 12 4 2 7 7 4 10 10 7 12 0 12 16 16 13 25 20 20 25 23 23 20 25 12 28 28 25 31 31
3 3 0 5 3 3 8 6 10 8 13 13 10 13 3
5 5 5 5 8 8 8 0 11 11 8 14 12 11 17 17 14 19 14 23 23 23 19 25 19 25 31 31 31 31 11 31 35 35 31 37 31 39 31 39 45 45 45 45 31 45 49 49 45 53 53 53 45 55 53 55 8
4 4 4 6 6 0 9 11 11 11 6 15 15 15 11 17 6 17 20 18 6
11 11 6 6 6 11 9 9 6 11 0 14 14 11 11 17 15 19 11 31 22 31 24 31 26 24 29 29 26 31 19 33 31 11
12 12 4 2 7 7 4 10 10 7 12 0 12 16 16 13 25 20 20 25 23 23 20 25 12 28 28 25 31 31
3 3 0 5 3 3 8 6 10 8 13 13 10 13 3
5 5 5 5 8 8 8 0 11 11 8 14 12 11 17 17 14 19 14 23 23 23 19 25 19 25 31 31 31 31 11 31 35 35 31 37 31 39 31 39 45 45 45 45 31 45 49 49 45 53 53 53 45 55 53 55 8
4 4 4 6 6 0 11 11 11 11 6 13 19 19 17 17 19 19 11 19 22 20 6
11 11 6 6 6 11 9 9 6 11 0 14 14 11 11 17 15 19 11 31 22 31 24 31 26 24 29 29 26 31 19 33 31 11
12 12 4 2 7 7 4 10 10 7 12 0 12 16 16 13 25 20 20 25 23 23 20 25 12 28 28 25 31 31
3 3 0 5 3 3 8 6 10 8 13 13 10 13 3
5 5 5 5 8 8 8 0 11 11 8 14 12 11 17 17 14 19 14 23 23 23 19 25 19 25 31 31 31 31 11 31 35 35 31 37 31 39 31 39 45 45 45 45 31 45 49 49 45 53 53 53 45 55 53 55 8
4 4 4 6 6 0 11 11 11 11 6 13 18 18 16 18 18 11 18 21 19 6
11 11 6 6 6 11 9 9 6 11 0 14 14 11 11 17 15 19 11 31 22 31 24 31 26 24 29 29 26 31 19 33 31 11
12 12 4 2 7 7 4 10 10 7 12 0 12 16 16 13 25 20 20 25 23 23 20 25 12 28 28 25 31 31
3 3 0 5 3 3 8 6 10 8 13 13 10 13 3
5 5 5 5 8 8 8 0 11 11 8 14 12 11 17 17 14 19 14 23 23 23 19 25 19 25 31 31 31 31 11 31 35 35 31 37 31 39 31 39 45 45 45 45 31 45 49 49 45 53 53 53 45 55 53 55 8
4 4 4 6 6 0 11 11 11 11 6 13 17 17 17 17 11 17 20 18 6
11 11 6 6 6 11 9 9 6 11 0 14 14 11 11 17 15 19 11 31 22 31 24 31 26 24 29 29 26 31 19 33 31 11
12 12 4 2 7 7 4 10 10 7 12 0 12 16 16 13 25 20 20 25 23 23 20 25 12 28 28 25 31 31
3 3 0 5 3 3 8 6 10 8 13 13 10 13 3
5 5 5 5 8 8 8 0 11 11 8 14 12 11 17 17 14 19 14 23 23 23 19 25 19 25 31 31 31 31 11 31 35 35 31 37 31 39 31 39 45 45 45 45 31 45 49 49 45 53 53 53 45 55 53 55 8
4 4 4 6 6 0 11 11 11 11 6 13 17 17 17 17 11 17 20 18 6
11 11 6 6 6 11 9 9 6 11 0 14 14 11 11 17 15 19 11 31 22 31 24 31 26 24 29 29 26 31 19 33 31 11
12 12 4 2 7 7 4 10 10 7 12 0 12 16 16 13 24 19 24 22 22 19 24 12 27 27 24 30 30
3 3 0 5 3 3 8 6 10 8 13 13 10 13 3
5 5 5 5 8 8 8 0 11 11 8 14 12 11 17 17 14 19 14 23 23 23 19 25 19 25 31 31 31 31 11 31 35 35 31 37 31 39 31 39 45 45 45 45 31 45 49 49 45 53 53 53 45 55 53 55 8
4 4 4 6 6 0 11 11 11 11 6 13 17 17 17 17 11 17 20 18 6
11 11 6 6 6 11 9 9 6 11 0 14 14 11 11 17 15 19 11 31 22 31 24 31 26 24 29 29 26 31 19 33 31 11
12 12 4 2 7 7 4 10 10 7 12 0 12 16 16 13 20 20 20 13 23 23 20 25 12 28 28 25 31 31
3 3 0 5 3 3 8 6 10 8 13 13 10 13 3
5 5 5 5 8 8 8 0 11 11 8 14 12 11 17 17 14 19 14 23 23 23 19 25 19 25 31 31 31 31 11 31 35 35 31 37 31 39 31 39 45 45 45 45 31 45 49 49 45 53 53 53 45 55 53 55 8
4 4 4 6 6 0 11 11 11 11 6 13 17 17 17 17 11 17 20 18 6
11 11 6 6 6 11 9 9 6 11 0 14 14 11 11 17 15 19 11 31 22 31 24 31 26 24 29 29 26 31 19 33 31 11
12 12 4 2 7 7 4 10 10 7 12 0 12 16 16 13 20 20 20 13 23 23 20 25 12 28 28 25 31 31
3 3 0 5 3 3 8 6 10 8 13 13 10 13 3
5 5 5 5 8 8 8 0 11 11 8 14 12 11 17 17 14 19 14 23 23 23 19 25 19 25 31 31 31 31 11 31 35 35 31 37 31 39 31 39 45 45 45 45 31 45 49 49 45 53 53 53 45 55 53 55 8
4 4 4 6 6 0 11 11 11 11 6 13 17 17 17 17 11 17 20 18 6
11 11 6 6 6 11 9 9 6 11 0 14 14 11 11 17 15 19 11 31 22 31 24 31 26 24 29 29 26 31 19 33 31 11
12 12 4 2 7 7 4 10 10 7 12 0 12 16 16 13 20 20 20 13 23 23 20 25 12 28 28 25 31 31
0
