0
0
0
0
0
0
3 3 0 5 3 7 5 13 13 11 9 13 3
3 3 0 5 3 7 5 13 13 11 9 13 3
3 3 0 5 3 7 5 13 13 11 9 13 3 13 13
3 3 0 5 3 7 5 13 13 11 9 13 3 13
3 3 0 5 3 7 5 13 13 11 9 13 3 16 16 13 19 19 13
3 3 0 5 3 7 5 13 13 11 9 13 3 16 16 13 19 19 13
3 3 0 5 3 7 5 13 13 11 9 13 3 16 16 13 19 19 13 3
3 3 0 5 3 7 5 13 13 11 9 13 3 16 16 13 19 19 13
3 3 0 5 3 7 5 13 13 11 9 13 3 16 16 13 19 19 13 3
2 3 0
3 3 0 5 3 7 5 13 13 11 9 13 3 16 16 13 19 19 13 3
2 0
3 3 0 5 3 7 5 13 13 11 9 13 3 16 16 13 19 19 13 3
2 0 4 2 7 7 2 12 10 12 12 2 12
3 3 0 5 3 7 5 13 13 11 9 13 3 16 16 13 19 19 13 3
2 12 4 2 7 7 2 10 10 7 12 0 12
3 3 0 5 3 7 5 13 13 11 9 13 3 16 16 13 19 19 13 3
2 0 4 2 7 7 2 12 10 12 12 2 16 16 16 12
3 3 0 5 3 7 5 13 13 11 9 13 3 16 16 13 19 19 13 3
2 0 4 2 7 7 2 12 10 12 12 2 16 16 16 12
3 3 0 5 3 7 5 13 13 11 9 13 3 16 16 13 19 19 13 3
2 12 4 2 7 7 2 10 10 7 12 0 16 16 16 12 12
2 0 2
3 3 0 5 3 7 5 13 13 11 9 13 3 16 16 13 19 19 13 3
2 12 4 2 7 7 2 10 10 7 12 0 16 16 16 12 12
2 0
3 3 0 5 3 7 5 13 13 11 9 13 3 16 16 13 19 19 13 3
2 12 4 2 7 7 2 10 10 7 12 0 16 16 16 12 12
3 3 0 6 6 3 3 9 7 11 7
3 3 0 5 3 7 5 13 13 11 9 13 3 16 16 13 19 19 13 3
2 12 4 2 7 7 2 10 10 7 12 0 16 16 16 12 12
3 3 0 6 6 3 3 9 7 11 7
3 3 0 5 3 7 5 13 13 11 9 13 3 16 16 13 19 19 13 3
2 12 4 2 7 7 2 10 10 7 12 0 16 16 16 12 12
3 3 0 6 6 3 3 9 7 11 7
3 3 0 5 3 7 5 13 13 11 9 13 3 16 16 13 19 19 13 3
2 12 4 2 7 7 2 10 10 7 12 0 16 16 16 12 12
3 3 0 6 6 3 3 9 7 11 7
3 3 0 5 3 7 5 13 13 11 9 13 3 16 16 13 19 19 13 3
2 12 4 2 7 7 2 10 10 7 12 0 16 16 16 12 12
3 3 0 6 6 3 3 9 7 11 7 11 3
3 3 0 5 3 7 5 13 13 11 9 13 3 16 16 13 19 19 13 3
2 12 4 2 7 7 2 10 10 7 12 0 16 16 16 12 12
3 3 0 6 6 3 3 9 7 11 7 11
3 3 0 5 3 7 5 13 13 11 9 13 3 16 16 13 19 19 13 3
2 12 4 2 7 7 2 10 10 7 12 0 16 16 16 12 12
3 3 0 6 6 3 3 9 7 11 9 13 3 15 13
3 3 0 5 3 7 5 13 13 11 9 13 3 16 16 13 19 19 13 3
2 12 4 2 7 7 2 10 10 7 12 0 16 16 16 12 12
3 3 0 6 6 3 3 9 7 11 9 13 3 15 13
3 3 0 5 3 7 5 13 13 11 9 13 3 16 16 13 19 19 13 3
2 12 4 2 7 7 2 10 10 7 12 0 16 16 16 12 12
3 3 0 6 6 3 3 9 7 11 9 15 15 15 3 3
3 3 0 5 3 7 5 13 13 11 9 13 3 16 16 13 19 19 13 3
2 12 4 2 7 7 2 10 10 7 12 0 16 16 16 12 12
3 3 0 6 6 3 3 9 7 11 9 15 15 15 3 3
3 3 0 5 3 7 5 13 13 11 9 13 3 16 16 13 19 19 13 3
2 12 4 2 7 7 2 10 10 7 12 0 16 16 16 12 12
3 3 0 6 6 3 3 9 7 11 9 15 15 15 3 3
3 3 0 6 6 3 9 9 6 3
