2 0 4 2
2 0 4 2
2 0 4 2 4 7 5 2
2 0 4 2 4 7 5
2 0 4 2 4 7 5 9 7 12 12 9 14 12
2 0 4 2 4 7 5 9 7 12 12 7
2 0 4 2 4 7 5 9 7 12 12 7 14 12 16 14 14 14
2 0 4 2 4 7 5 9 7 12 12 7 14 12 16 14 14
2 0 4 2 4 7 5 9 7 12 12 7 14 12 16 14 2
0
2 0 4 2 4 7 5 9 7 12 12 7 14 12 16 14 2
0
2 0 4 2 4 7 5 9 7 12 12 7 14 12 16 14 2
0
2 0 4 2 4 7 5 9 7 12 12 7 14 12 16 14 2
3 3 0 5 3 7 5 10 10 5 3
2 0 2 9 9 9 9 9 2
2 0 4 2 4 7 5 9 7 12 12 7 14 12 16 14 2
3 3 0 5 3 7 5 10 10 5 3
2 0 2 9 9 9 9 9 2
2 0 4 2 4 7 5 9 7 12 12 7 14 12 16 14 2
3 3 0 5 3 7 5 10 10 5 3
2 0 2 9 9 9 9 9 2 12 12 2 16 16 16 12 19 19 16 2
4 4 4 0 4
2 0 4 2 4 7 5 9 7 12 12 7 14 12 16 14 2
3 3 0 5 3 7 5 10 10 5 3
2 0 2 9 9 9 9 9 2 12 12 2 16 16 16 12 19 19 16 2
4 4 4 0
2 0 4 2 4 7 5 9 7 12 12 7 14 12 16 14 2
3 3 0 5 3 7 5 10 10 5 3
2 0 2 9 9 9 9 9 2 12 12 2 16 16 16 12 19 19 16 2
4 4 4 0 4
2 0 4 2 4 7 5 9 7 12 12 7 14 12 16 14 2
3 3 0 5 3 7 5 10 10 5 3
2 0 2 9 9 9 9 9 2 12 12 2 16 16 16 12 19 19 16 2
4 4 4 0 7 7
2 0 4 2 4 7 5 9 7 12 12 7 14 12 16 14 2
3 3 0 5 3 7 5 10 10 5 3
2 0 2 9 9 9 9 9 2 12 12 2 16 16 16 12 19 19 16 2
