0
2 5 5 5 0
2 3 0
2 5 5 5 0 5 5
2 5 5 5 0 5 5
2 5 5 5 0 8 8 5 10 8 13 13 5 13 16 13 25 19 25 25 25 25 25 25 29 29 29 29 13 32 32 29 32
2 5 5 5 0 8 8 5 10 8 13 13 5 13 16 13 25 19 25 25 25 25 25 25 29 29 29 29 13 32 32 29 5
2 5 5 5 0 8 8 5 10 8 13 13 5 13 16 13 25 19 25 25 25 23 25 25 29 29 29 29 13 32 32 29 35 35 29 35
2 5 5 5 0 8 8 5 10 8 13 13 5 13 16 13 25 19 25 25 25 23 25 25 29 29 29 29 13 32 32 29 35 35 29 5
2 5 5 5 0 8 8 5 10 8 13 13 5 13 16 13 25 19 13 25 25 23 25 25 29 29 29 29 13 32 32 29 35 35 29 35 40 40 40 36 43 43 40 43
2 5 5 5 0 8 8 5 10 8 13 13 5 13 16 13 25 19 13 25 25 23 25 25 29 29 29 29 13 32 32 29 35 35 29 35 40 40 40 36 43 43 40 43
2 5 5 5 0 8 8 5 10 8 13 13 5 13 16 13 25 19 13 25 25 23 25 25 29 29 29 29 13 32 32 29 35 35 29 35 40 40 40 36 43 43 40 43 40
2 5 5 5 0 8 8 5 10 8 13 13 5 13 16 13 25 19 13 25 25 23 25 25 29 29 29 29 13 32 32 29 35 35 29 35 40 40 40 36 43 43 40 43 40
2 5 5 5 0 8 8 5 10 8 13 13 5 13 16 13 25 19 13 25 25 23 25 25 29 29 29 29 13 32 32 29 35 35 29 35 40 40 40 35 43 43 40 45 40
2 5 5 5 0 8 8 5 10 8 13 13 5 13 16 13 25 19 13 25 25 23 25 25 29 29 29 29 13 32 32 29 35 35 29 35 40 40 40 35 43 43 40 47 47 47 40 49 47
2 5 5 5 0 8 8 5 10 8 13 13 5 13 16 13 25 19 13 25 25 23 25 25 29 29 29 29 13 32 32 29 35 35 29 35 40 40 40 35 43 43 40 47 47 47 40 49 47
2 5 5 5 0 8 8 5 10 8 13 13 5 13 16 13 25 13 18 25 25 23 25 25 29 29 29 29 13 32 32 29 35 35 29 35 40 40 40 35 43 43 40 47 47 47 40 49 47 51 47
2 5 5 5 0 8 8 5 10 8 13 13 5 13 16 13 25 13 18 25 25 23 25 25 29 29 29 29 13 32 32 29 35 35 29 35 40 40 40 35 43 43 40 47 47 47 40 49 47 51 47
2 5 5 5 0 8 8 5 10 8 13 13 5 13 16 13 25 13 18 25 25 23 25 25 29 29 29 29 13 32 32 29 35 35 29 35 40 40 40 35 43 43 40 47 47 47 40 49 47 51 47 53 51
2 5 5 5 0 8 8 5 10 8 13 13 5 13 16 13 25 13 18 25 25 23 25 25 29 29 29 29 13 32 32 29 35 35 29 35 40 40 40 35 43 43 40 47 47 47 40 49 47 51 47 53 51
2 5 5 5 0 8 8 5 10 8 13 13 5 13 16 13 25 13 18 25 25 23 25 25 29 29 29 29 13 32 32 29 35 35 29 35 55 40 40 55 43 43 40 47 47 47 40 49 47 51 47 53 51 55 36 57 55
2 5 5 5 0 8 8 5 10 8 13 13 5 13 16 13 25 19 13 25 25 23 25 25 29 29 29 29 13 32 32 29 35 35 29 35 40 40 40 35 43 43 40 47 47 47 40 49 47 51 47 5
0 1 4 1 6 4
2 5 5 5 0 8 8 5 10 8 13 13 5 13 16 13 25 13 18 25 25 23 25 25 29 29 29 29 13 32 32 29 35 35 29 35 55 40 40 55 43 43 40 47 47 47 40 49 47 51 47 53 51 55 36 57 55
2 5 5 5 0 8 8 5 10 8 13 13 5 13 16 13 25 19 13 25 25 23 25 25 29 29 29 29 13 32 32 29 35 35 29 35 55 40 40 55 43 43 40 47 47 47 40 49 47 51 47 53 51 55 36 57 55 60 60 57 60 63 55
2 5 5 5 0 8 8 5 10 8 13 13 5 13 16 13 25 19 13 25 25 23 25 25 29 29 29 29 13 32 32 29 35 35 29 35 55 40 40 55 43 43 40 47 47 47 40 49 47 51 47 53 51 55 36 57 55 60 60 57 60
2 5 5 5 0 8 8 5 10 8 13 13 5 13 16 13 25 19 13 25 25 23 25 25 29 29 29 29 13 32 32 29 35 35 29 35 52 40 40 55 43 43 40 47 47 47 40 49 47 51 47 53 55 55 35 57 55 60 60 57 60 5
2 0 2
2 5 5 5 0 8 8 5 10 8 13 13 5 13 16 13 25 19 13 25 25 23 25 25 29 29 29 29 13 32 32 29 35 35 29 35 52 40 40 55 43 43 40 47 47 47 40 49 47 51 47 53 55 55 35 57 55 60 60 57 60 5
2 0
2 5 5 5 0 8 8 5 10 8 13 13 5 13 16 13 25 19 13 25 25 23 25 25 29 29 29 29 13 32 32 29 35 35 29 35 52 40 40 55 43 43 40 47 47 47 40 49 47 51 47 53 55 55 35 57 55 60 60 57 60 5
2 0 2 2 8 8 6 4 11 11 4 13 11
2 5 5 5 0 8 8 5 10 8 13 13 5 13 16 13 25 19 13 25 25 23 25 25 29 29 29 29 13 32 32 29 35 35 29 35 52 40 40 55 43 43 40 47 47 47 40 49 47 51 47 53 55 55 35 57 55 60 60 57 60 5
2 0 2 2 8 8 6 11 11 11 4 13 11
2 5 5 5 0 8 8 5 10 8 13 13 5 13 16 13 25 19 13 25 25 23 25 25 29 29 29 29 13 32 32 29 35 35 29 35 52 40 40 55 43 43 40 47 47 47 40 49 47 51 47 53 55 55 35 57 55 60 60 57 60 5
2 0 2 2 8 8 6 4 11 11 4 13 11
2 5 5 5 0 8 8 5 10 8 13 13 5 13 16 13 25 19 13 25 25 23 25 25 29 29 29 29 13 32 32 29 35 35 29 35 52 40 40 55 43 43 40 47 47 47 40 49 47 51 47 53 55 55 35 57 55 60 60 57 60 5
2 0 2 2 8 8 6 4 11 11 2 13 11 11
2 5 5 5 0 8 8 5 10 8 13 13 5 13 16 13 25 19 13 25 25 23 25 25 29 29 29 29 13 32 32 29 35 35 29 35 52 40 40 55 43 43 40 47 47 47 40 49 47 51 47 53 55 55 35 57 55 60 60 57 60 5
2 0
2 5 5 5 0 8 8 5 10 8 13 13 5 13 16 13 25 19 13 25 25 23 25 25 29 29 29 29 13 32 32 29 35 35 29 35 52 40 40 55 43 43 40 47 47 47 40 49 47 51 47 53 55 55 35 57 55 60 60 57 60 5
2 0 7 7 7 7 2 10 10 6 12 10 15 15 2
2 5 5 5 0 8 8 5 10 8 13 13 5 13 16 13 25 19 13 25 25 23 25 25 29 29 29 29 13 32 32 29 35 35 29 35 52 40 40 55 43 43 40 47 47 47 40 49 47 51 47 53 55 55 35 57 55 60 60 57 60 5
2 0 7 7 7 7 2 10 10 6 12 10 14 2
2 5 5 5 0 8 8 5 10 8 13 13 5 13 16 13 25 19 13 25 25 23 25 25 29 29 29 29 13 32 32 29 35 35 29 35 52 40 40 55 43 43 40 47 47 47 40 49 47 51 47 53 55 55 35 57 55 60 60 57 60 5
2 0 7 7 7 7 2 10 10 6 12 10 15 15 2 15 15 21 21 21 15 21
2 5 5 5 0 8 8 5 10 8 13 13 5 13 16 13 25 19 13 25 25 23 25 25 29 29 29 29 13 32 32 29 35 35 29 35 52 40 40 55 43 43 40 47 47 47 40 49 47 51 47 53 55 55 35 57 55 60 60 57 60 5
2 0 7 7 7 7 2 10 10 6 12 10 15 15 2 15 15 22 18 22 22 15 22
2 5 5 5 0 8 8 5 10 8 13 13 5 13 16 13 25 19 13 25 25 23 25 25 29 29 29 29 13 32 32 29 35 35 29 35 52 40 40 55 43 43 40 47 47 47 40 49 47 51 47 53 55 55 35 57 55 60 60 57 60 5
2 0 5 5 2 7 5 10 10 6 12 10 17 17 17 17 2 22 22 22 22 17 22 25 22 2
0 1
2 5 5 5 0 8 8 5 10 8 13 13 5 13 16 13 25 19 13 25 25 23 25 25 29 29 29 29 13 32 32 29 35 35 29 35 52 40 40 55 43 43 40 47 47 47 40 49 47 51 47 53 55 55 35 57 55 60 60 57 60 5
2 0 5 5 2 7 5 10 10 6 12 10 17 17 17 17 2 22 22 22 22 17 22 25 22 2
2 5 5 5 0 8 8 5 10 8 13 13 5 13 16 13 25 19 13 25 25 23 25 25 29 29 29 29 13 32 32 29 35 35 29 35 52 40 40 55 43 43 40 47 47 47 40 49 47 51 47 53 55 55 35 57 55 60 60 57 60 5
2 0 5 5 2 7 5 10 10 6 12 10 17 17 17 17 2 22 22 22 22 17 22 25 22 2
2 0 2
2 5 5 5 0 8 8 5 10 8 13 13 5 13 16 13 25 19 13 25 25 23 25 25 29 29 29 29 13 32 32 29 35 35 29 35 52 40 40 55 43 43 40 47 47 47 40 49 47 51 47 53 55 55 35 57 55 60 60 57 60 5
2 0 5 5 2 7 5 10 10 6 12 10 17 17 17 17 2 22 22 22 22 17 22 25 22 2
2 0
2 5 5 5 0 8 8 5 10 8 13 13 5 13 16 13 25 19 13 25 25 23 25 25 29 29 29 29 13 32 32 29 35 35 29 35 52 40 40 55 43 43 40 47 47 47 40 49 47 51 47 53 55 55 35 57 55 60 60 57 60 5
2 0 5 5 2 7 5 10 10 6 12 10 17 17 17 17 2 22 22 22 22 17 22 25 22 2
5 5 5 5 0 7 5 11 10 7 10 15 15 15 5 20 20 20 20 24 24 24 24 5
2 5 5 5 0 8 8 5 10 8 13 13 5 13 16 13 25 19 13 25 25 23 25 25 29 29 29 29 13 32 32 29 35 35 29 35 52 40 40 55 43 43 40 47 47 47 40 49 47 51 47 53 55 55 35 57 55 60 60 57 60 5
2 0 5 5 2 7 5 10 10 6 12 10 17 17 17 17 2 22 22 22 22 17 22 25 22 27 25 27 2
5 5 5 5 0 7 5 11 10 7 10 15 15 15 5 20 20 20 20 24 24 24 24 5
2 5 5 5 0 8 8 5 10 8 13 13 5 13 16 13 25 19 13 25 25 23 25 25 29 29 29 29 13 32 32 29 35 35 29 35 52 40 40 55 43 43 40 47 47 47 40 49 47 51 47 53 55 55 35 57 55 60 60 57 60 5
2 0 5 5 2 7 5 10 10 6 12 10 17 17 17 17 2 22 22 22 22 17 22 25 22 2
5 5 5 5 0 7 5 11 10 7 10 15 15 15 5 20 20 20 20 24 24 24 24 5
2 5 5 5 0 8 8 5 10 8 13 13 5 13 16 13 25 19 13 25 25 23 25 25 29 29 29 29 13 32 32 29 35 35 29 35 52 40 40 55 43 43 40 47 47 47 40 49 47 51 47 53 55 55 35 57 55 60 60 57 60 5
2 0 5 5 2 7 5 10 10 6 12 10 17 17 17 17 2 22 22 22 22 17 22 25 22 2
5 5 5 5 0 7 5 11 10 7 10 15 15 15 5 20 20 20 20 24 24 24 24 5 5
2 5 5 5 0 8 8 5 10 8 13 13 5 13 16 13 25 19 13 25 25 23 25 25 29 29 29 29 13 32 32 29 35 35 29 35 52 40 40 55 43 43 40 47 47 47 40 49 47 51 47 53 55 55 35 57 55 60 60 57 60 5
2 0 5 5 2 7 5 10 10 6 12 10 17 17 17 17 2 22 22 22 22 17 22 25 22 2
5 5 5 5 0 7 5 11 10 7 10 15 15 15 5 20 20 20 20 5
2 5 5 5 0 8 8 5 10 8 13 13 5 13 16 13 25 19 13 25 25 23 25 25 29 29 29 29 13 32 32 29 35 35 29 35 52 40 40 55 43 43 40 47 47 47 40 49 47 51 47 53 55 55 35 57 55 60 60 57 60 5
2 0 5 5 2 7 5 10 10 6 12 10 17 17 17 17 2 22 22 22 22 17 22 25 22 2
5 5 5 5 0 7 5 11 10 7 10 15 15 15 5 20 20 20 20 5
2 5 5 5 0 8 8 5 10 8 13 13 5 13 16 13 25 19 13 25 25 23 25 25 29 29 29 29 13 32 32 29 35 35 29 35 52 40 40 55 43 43 40 47 47 47 40 49 47 51 47 53 55 55 35 57 55 60 60 57 60 5
2 0 5 5 2 7 5 10 10 6 12 10 17 17 17 17 2 22 22 22 22 17 22 25 22 2
5 5 5 5 0 7 5 11 10 7 10 15 15 15 5 20 20 20 20 5
2 5 5 5 0 8 8 5 10 8 13 13 5 13 16 13 25 19 13 25 25 23 25 25 29 29 29 29 13 32 32 29 35 35 29 35 52 40 40 55 43 43 40 47 47 47 40 49 47 51 47 53 55 55 35 57 55 60 60 57 60 5
2 0 5 5 2 7 5 10 10 6 12 10 17 17 17 17 2 22 22 22 22 17 22 25 22 2
5 5 5 5 0 7 5 11 10 7 10 15 15 15 5 20 20 20 20 23 23 23 5 23 26 23 30 30 30 5 32 30 30
2 5 5 5 0 8 8 5 10 8 13 13 5 13 16 13 25 19 13 25 25 23 25 25 29 29 29 29 13 32 32 29 35 35 29 35 52 40 40 55 43 43 40 47 47 47 40 49 47 51 47 53 55 55 35 57 55 60 60 57 60 5
2 0 5 5 2 7 5 10 10 6 12 10 17 17 17 17 2 22 22 22 22 17 22 25 22 2
5 5 5 5 0 7 5 11 10 7 10 15 15 15 5 20 20 20 20 23 23 23 5 23 26 23 30 30 30 5 32 30 30
2 5 5 5 0 8 8 5 10 8 13 13 5 13 16 13 25 19 13 25 25 23 25 25 29 29 29 29 13 32 32 29 35 35 29 35 55 40 40 55 43 43 40 47 47 47 40 49 47 51 47 53 55 55 35 57 55 60 60 57 60 5
2 0 5 5 2 7 5 10 10 6 12 10 17 17 17 17 2 22 22 22 22 17 22 25 22 2
5 5 5 5 0 7 5 11 10 7 10 15 15 15 5 20 20 20 20 23 23 23 5 23 26 23 30 30 30 5 32 30 30
2 5 5 5 0 8 8 5 10 8 13 13 5 13 16 13 25 19 13 25 25 23 25 25 29 29 29 29 13 32 32 29 35 35 29 35 5
16 4 4 19 7 7 4 11 11 11 4 13 11 15 16 17 19 19 0 21 19 24 24 21 24 19
2 0 5 5 2 7 5 10 10 6 12 10 17 17 17 17 2 22 22 22 22 17 22 25 22 2
5 5 5 5 0 7 5 11 10 7 10 15 15 15 5 20 20 20 20 23 23 23 5 23 26 23 30 30 30 5 32 30 30
2 5 5 5 0 8 8 5 10 8 13 13 5 13 16 13 25 19 13 25 25 23 25 25 29 29 29 29 13 32 32 29 35 35 29 35 55 40 40 55 43 43 40 47 47 47 40 49 47 51 47 53 55 55 35 57 55 60 60 57 60 5
2 0 5 5 2 7 5 10 10 6 12 10 17 17 17 17 2 22 22 22 22 17 22 25 22 2
5 5 5 5 0 7 5 11 10 7 10 15 15 15 5 20 20 20 20 23 23 23 5 23 26 23 30 30 30 5 32 30 30
2 5 5 5 0 8 8 5 10 8 13 13 5 13 16 13 25 19 13 25 25 23 25 25 29 29 29 29 13 32 32 29 35 35 29 35 5
16 4 4 19 7 7 4 11 11 11 4 13 11 15 16 17 19 19 0 21 19 24 24 21 24 19
2 0 5 5 2 7 5 10 10 6 12 10 17 17 17 17 2 22 22 22 22 17 22 25 22 2
5 5 5 5 0 7 5 11 10 7 10 15 15 15 5 20 20 20 20 23 23 23 5 23 26 23 30 30 30 5 32 30 30
2 5 5 5 0 8 8 5 10 8 13 13 5 13 16 13 25 19 13 25 25 23 25 25 29 29 29 29 13 32 32 29 35 35 29 35 5
16 4 4 19 7 7 4 11 11 11 4 13 11 15 16 17 19 19 0 21 19 24 24 21 24 19
2 0 5 5 2 7 5 10 10 6 12 10 17 17 17 17 2 22 22 22 22 17 22 25 22 2
5 5 5 5 0 7 5 11 10 7 10 5
4 4 4 0 9 9 9 9 12 12 12 4 12 15 12 19 19 19 4 21 19 19
2 5 5 5 0 8 8 5 10 8 13 13 5 13 16 13 25 19 13 25 25 23 25 25 29 29 29 29 13 32 32 29 35 35 29 35 5
16 4 4 19 7 7 4 11 11 11 4 13 11 15 16 17 19 19 0 21 19 24 24 21 24 19
2 0 5 5 2 7 5 10 10 6 12 10 17 17 17 17 2 22 22 22 22 17 22 25 22 2
5 5 5 5 0 7 5 11 10 7 10 15 15 15 5 20 20 20 20 23 23 23 5 23 26 23 30 30 30 5 32 30 30
2 5 5 5 0 8 8 5 10 8 13 13 5 13 16 13 25 19 13 25 25 23 25 25 29 29 29 29 13 32 32 29 35 35 29 35 5
16 4 4 19 7 7 4 11 11 11 4 13 11 15 16 17 19 19 0 21 19 24 24 21 24 19
2 0 5 5 2 7 5 10 10 6 12 10 17 17 17 17 2 22 22 22 22 17 22 25 22 2
5 5 5 5 0 7 5 11 10 7 10 16 16 16 16 5 24 21 21 21 24 24 24 5 24 27 24 31 31 31 5 33 31 5
