2 0 4 2
0
2 0 2
2 0 2
2 0 4 2 4 7 2 10 10 7 13 13 2 16 16 13
2 0 4 2 2 7 2 10 10 7 13 13 2 16 16 13
2 0 4 2 4 7 2 10 10 7 13 13 2 16 16 13 13 17
0
2 0 4 2 4 7 2 10 10 7 13 13 2 16 16 13 13 17
2 0 4 2 4 7 2 10 10 7 13 13 2 16 16 13 13 17 16
2 0 4 2 2 7 2 10 10 7 13 13 2 15 13 15 19 19 13
2 0 4 2 4 7 2 10 10 7 13 13 2 15 16 13 21 21 21 21 13
2 0 4 2 4 7 2 10 10 7 13 13 2 16 16 13 21 21 21 21 16
2 0 4 2 4 7 2 10 10 7 13 13 2 16 16 13 19 19 13 23 23 23 19
2 0 4 2 2 7 2 10 10 7 13 13 2 15 13 15 19 19 13
2 0 4 2 4 7 2 10 10 7 13 13 2 16 16 13 25 19 25 24 24 24 24 25 29 29 29 29 13 31 29 34 34 31 34 39 39 39 31 41 39 2
0
2 0 5 3 2 7 2 10 10 7 13 13 2 16 16 13 25 25 25 19 24 24 24 25 2 29 29 29 25 31 29 34 34 31 34 39 39 39 34 41 39
2 0 4 2 4 7 2 10 10 7 13 13 2 16 16 13 25 19 25 24 24 24 24 25 29 29 29 29 13 31 29 34 34 31 34 39 39 39 31 41 39 2
0
2 0 4 2 4 7 2 10 10 7 13 13 2 16 16 13 25 19 25 24 24 24 24 25 29 29 29 29 13 31 29 34 34 31 34 39 39 39 31 41 39 2
0
2 0 4 2 4 7 2 10 10 7 13 13 2 16 16 13 25 19 25 24 24 24 24 25 29 29 29 29 13 31 29 34 34 31 34 39 39 39 31 41 39 2
