0
0
0 1
0
2 0 7 7 7 7 2 2
0
2 0 7 7 7 7 2 2
2 0 7 7 7 7 2 2
5 5 4 5 7 7 0 7 7
2 0 7 7 7 7 2 2
5 5 4 5 7 7 0 7
2 0 7 7 7 7 2 2
5 5 4 5 7 7 0 10 10 7 13 13 10 15 13 7
2 0 4 2 4 7 5 9 4 12 12 9 2
2 0 7 7 7 7 2 2
5 5 4 5 7 7 0 10 10 7 13 13 10 15 13 7
2 0 4 2 4 7 5 9 4 12 12 9
2 0 7 7 7 7 2 2
5 5 4 5 7 7 0 10 10 7 13 13 10 15 13 7
2 0 4 2 4 7 5 9 4 12 12 9 2
2 0
2 0 7 7 7 7 2 2
5 5 4 5 7 7 0 10 10 7 13 13 10 15 13 7
2 0 4 2 4 7 5 9 4 12 12 9 2
2 0
2 0 7 7 7 7 2 2
5 5 4 5 7 7 0 10 10 7 13 13 10 15 13 7
2 0 4 2 4 7 5 9 4 12 12 9 2
2 0
2 0 7 7 7 7 2 2
5 5 4 5 7 7 0 10 10 7 13 13 10 15 13 7
2 0 4 2 4 7 5 9 4 12 12 9 2
2 0
2 0 7 7 7 7 2 2
5 5 4 5 7 7 0 10 10 7 13 13 10 15 13 7
2 0 4 2 4 7 5 9 4 12 12 9 2
2 0 2 5 2 8 8 2 2
2 0 2 3 4 7 3
2 0 7 7 7 7 2 2
5 5 4 5 7 7 0 10 10 7 13 13 10 15 13 7
2 0 4 2 4 7 5 9 4 12 12 9 2
2 0 2 5 2 8 8 2 2
2 0 2 3 4 7 3
2 0 7 7 7 7 2 2
5 5 4 5 7 7 0 10 10 7 13 13 10 15 13 7
2 0 4 2 4 7 5 9 4 12 12 9 2
2 0 2 5 2 8 8 2 2
2 0 2 3 4 7 3 11 11 11 7 2
2 0
2 0 7 7 7 7 2 2
5 5 4 5 7 7 0 10 10 7 13 13 10 15 13 7
2 0 4 2 4 7 5 9 4 12 12 9 2
2 0 2 5 2 8 8 2 2
2 0 2 3 4 7 3 11 11 11 7 2
2 0
2 0 7 7 7 7 2 2
5 5 4 5 7 7 0 10 10 7 13 13 10 15 13 7
2 0 4 2 4 7 5 9 4 12 12 9 2
2 0 2 5 2 8 8 2 2
2 0 2 3 4 7 3 11 11 11 7 2
2 0 4 2 7 7 4 2
2 0 7 7 7 7 2 2
5 5 4 5 7 7 0 10 10 7 13 13 10 15 13 7
2 0 4 2 4 7 5 9 4 12 12 9 2
2 0 2 5 2 8 8 2 2
2 0 2 3 4 7 3 11 11 11 7 2
2 0 4 2 7 7 4
2 0 7 7 7 7 2 2
5 5 4 5 7 7 0 10 10 7 13 13 10 15 13 7
2 0 4 2 4 7 5 9 4 12 12 9 2
2 0 2 5 2 8 8 2 2
2 0 2 3 4 7 3 11 11 11 7 2
2 0 4 2 7 7 4 2
