2 0 2
2 0 2
2 0 2 2
2 0 2 2
2 0 2 2
2 0 2 2
2 0 4 2 6 4
2 0 4 2 6 4
2 0 4 2 6 4
2 0 4 2 6 4
2 0 4 2 6 4 6
2 0 4 2 6 4
2 0 4 2 6 4 6
2 0 4 2 6 4
2 0 4 2 6 4 6
2 0 4 2 6 4
2 0 4 2 6 4 6
2 0 4 2 6 4
2 4 2 0 6 4 6 9 6 9
2 4 2 0 6 4 6 9 6 9
2 6 6 6 6 0 6 9 6 6
2 6 4 0 6 4 6 11 11 11 6 11 11 15 11 15
2 4 4 0 6 4 6 11 11 11 6 11 12 15 13 15
2 6 6 6 6 0 6 9 6 9 9 9 9 15 9 15 15 15 15 15 15 23 6 23 24
2 6 6 6 6 0 6 11 11 11 6 11 11 17 11 17 6 20 20 17 20 23 17 6
2 6 6 6 6 0 6 11 11 11 6 11 11 17 11 17 6 20 20 17 20 23 17 25 23
2 6 6 6 6 0 6 11 11 11 6 11 11 17 11 17 6 20 20 17 20 23 17 25 23
2 6 6 6 6 0 6 11 11 11 6 11 11 17 11 17 6 20 20 17 20 23 17 25 23 28 28 6 30 28 33 33 30 36 36 38 38 28 38
2 6 6 6 6 0 6 11 11 11 6 11 11 17 11 17 6 20 20 17 20 23 17 25 23 28 28 6 30 28 33 33 30 38 36 38 38 28 38
2 6 6 6 6 0 6 11 11 11 6 11 11 17 11 17 6 20 20 17 20 23 17 25 23 28 28 6 30 28 33 33 30 38 36 38 38 28 38
2 6 6 6 6 0 6 11 11 11 6 11 11 17 11 17 6 20 20 17 20 23 17 25 23 28 28 6 30 28 33 33 30 38 36 38 38 28 38
2 6 6 6 6 0 6 11 11 11 6 11 11 17 11 17 6 20 20 17 20 23 17 25 23 28 28 6 30 28 33 33 30 38 38 38 38 28 41 39 38
2 6 6 6 6 0 6 11 11 11 6 11 11 17 11 17 6 20 20 17 20 23 17 25 23 28 28 6 30 28 33 33 30 38 38 38 38 28 40 38
2 6 6 6 6 0 6 11 11 11 6 11 11 17 11 17 6 20 20 17 20 23 17 25 23 28 28 6 30 28 33 33 30 38 38 38 38 28 40 38
2 6 6 6 6 0 6 11 11 11 6 11 11 17 11 17 6 20 20 17 20 23 17 25 23 28 28 6 30 28 33 33 30 38 38 38 38 28 40 38
2 6 6 6 6 0 6 11 11 11 6 11 11 17 11 17 6 20 20 17 20 23 17 25 23 28 28 6 30 28 33 33 30 38 38 38 38 28 41 39 38
2 6 6 6 6 0 6 11 11 11 6 11 11 17 11 17 6 20 20 17 20 23 17 25 23 28 28 6 30 28 33 33 30 38 38 38 38 28 41 39 38
2 6 6 6 6 0 6 11 11 11 6 11 11 17 11 17 6 20 20 17 20 23 17 25 23 28 28 6 30 28 33 33 30 38 38 38 38 28 41 39 38 41 38
2 6 6 6 6 0 6 11 11 11 6 11 11 17 11 17 6 20 20 17 20 23 17 25 23 28 28 6 30 28 33 33 30 38 38 38 38 28 41 39 38 41 38
2 6 6 6 6 0 6 11 11 11 6 11 11 17 11 17 6 20 20 17 20 23 17 25 23 28 28 6 30 28 33 33 30 38 38 38 38 28 41 39 38 41 44 38 44 49 49 49 44
2 6 6 6 6 0 6 11 11 11 6 11 11 17 11 17 6 20 20 17 20 23 17 25 23 28 28 6 30 28 33 33 30 38 38 38 38 28 41 39 38 41 44 38 44 47 48 44
2 6 6 6 6 0 6 11 11 11 6 11 11 17 11 17 6 20 20 17 20 23 17 25 23 28 28 6 30 28 33 33 30 38 38 38 38 28 41 39 38 41 44 38 44 49 49 49 44 49 49 54 54 51 54
2 6 6 6 6 0 6 11 11 11 6 11 11 17 11 17 6 20 20 17 20 23 17 25 23 28 28 6 30 28 33 33 30 38 38 38 38 28 41 39 38 41 44 38 44 49 49 49 44 49 49 54 54 51 54
2 6 6 6 6 0 6 11 11 11 6 11 11 17 11 17 6 20 20 17 20 23 17 25 23 28 28 6 30 28 33 33 30 38 38 38 38 28 41 39 38 41 44 38 44 49 49 49 44 49 49 54 54 51 54 55 55 55 55 55
2 6 6 6 6 0 6 11 11 11 6 11 11 17 11 17 6 20 20 17 20 23 17 25 23 28 28 6 30 28 33 33 30 38 38 38 38 28 41 39 38 41 44 38 44 49 49 49 44 49 49 54 54 51 54 54 54 54 54
2 6 6 6 6 0 6 11 11 11 6 11 11 17 11 17 6 20 20 17 20 23 17 25 23 28 28 6 30 28 33 33 30 38 38 38 38 28 41 39 38 41 44 38 44 49 49 49 44 49 49 54 54 51 54 58 58 54 58 58 58 58
2 6 6 6 6 0 6 11 11 11 6 11 11 17 11 17 6 20 20 17 20 23 17 25 23 28 28 6 30 28 33 33 30 38 38 38 38 28 41 39 38 41 44 38 44 49 49 49 44 49 49 54 54 51 54 57 55 55 60 55 60 60
2 6 6 6 6 0 6 11 11 11 6 11 11 17 11 17 6 20 20 17 20 23 17 25 23 28 28 6 30 28 33 33 30 38 38 38 38 28 41 39 38 41 44 38 44 49 49 49 44 49 49 54 54 51 54 58 58 54 60 54 60 60 60 60
2 6 6 6 6 0 6 11 11 11 6 11 11 17 11 17 6 20 20 17 20 23 17 25 23 28 28 6 30 28 33 33 30 38 38 38 38 28 41 39 38 41 44 38 44 49 49 49 44 49 49 54 54 51 54 58 58 54 58 59 59 59 59 51 64
2 6 6 6 6 0 6 11 11 11 6 11 11 17 11 17 6 20 20 17 20 23 17 25 23 28 28 4 30 28 33 33 30 38 38 38 38 28 41 39 38 41 44 38 44 49 49 49 44 49 49 54 54 51 54 58 58 54 60 51 62 60 6
2 0 2
2 6 6 6 6 0 6 11 11 11 6 11 11 17 11 17 6 20 20 17 20 23 17 25 23 28 28 4 30 28 33 33 30 38 38 38 38 28 41 39 38 41 44 38 44 49 49 49 44 49 49 54 54 51 54 58 58 54 60 51 62 60 6
2 0 2 3 7 7 2 9 7 11 9 14 14 7 16 14 18 14 18 18 22 18 22 2 2
2 6 6 6 6 0 6 11 11 11 6 11 11 17 11 17 6 20 20 17 20 23 17 25 23 28 28 4 30 28 33 33 30 38 38 38 38 28 41 39 38 41 44 38 44 49 49 49 44 49 49 54 54 51 54 58 58 54 60 51 62 60 6
2 0 2 3 7 7 2 9 7 11 9 14 14 7 16 14 18 7 20 18 22 18 24 2 2
2 6 6 6 6 0 6 11 11 11 6 11 11 17 11 17 6 20 20 17 20 23 17 25 23 28 28 4 30 28 33 33 30 38 38 38 38 28 41 39 38 41 44 38 44 49 49 49 44 49 49 54 54 51 54 58 58 54 60 51 62 60 6
2 0 2 3 7 7 2 9 7 11 9 14 14 7 16 14 18 7 20 18 22 18 26 26 26 18 2
