3 3 0 5 3 8 8 3 8 3
3 3 0 5 3 8 8 3
3 3 0 5 3 8 8 3
3 3 0 5 3 8 8 3
3 3 0 5 3 8 8 3 10 8 12 8
3 3 0 5 3 8 8 3 10 8 12 8
3 3 0 5 3 8 8 3 10 8 12 8
3 3 0 5 3 8 8 3 10 8 12 3
3 3 0 5 3 8 8 3 10 8 12 3 12 17 17 17 3
3 3 0 5 3 8 8 3 10 8 12 3 12 16 16 3 16
3 3 0 5 3 8 8 3 10 8 12 3 12 17 17 17 3
3 3 0 5 3 8 8 3 10 8 12 3 12 16 16 3 16
3 3 0 5 3 8 8 3 10 8 12 3 12 17 17 17 3 17 17
3 3 0 5 3 8 8 3 10 8 12 3 12 17 17 17 3 3
3 3 0 5 3 8 8 3 10 8 12 3 12 16 16 3 16 23 23 23 23 23 3
3 3 0 5 3 8 8 3 10 8 12 3 12 16 16 3 16 22 22 22 22 3
3 3 0 5 3 8 8 3 10 8 12 3 12 16 16 3 16 19 20 21 22 3
3 3 0 5 3 8 8 3 10 8 12 3 12 16 16 3 16 19 22 22 22 3
3 3 0 5 3 8 8 3 10 8 12 3 12 16 16 3 16 21 21 21 17 23 21
3 3 0 5 3 8 8 3 10 8 12 3 12 16 16 3 16 19 22 22 22 3
3 3 0 5 3 8 8 3 10 8 12 3 12 16 16 3 16 22 22 22 22 16 22
3 3 0 5 3 8 8 3 10 8 12 3 12 16 16 3 16 22 22 22 22 16 22
3 3 0 5 3 8 8 3 10 8 12 3 12 16 16 3 16 22 22 22 22 16 22
3 3 0 5 3 8 8 3 10 8 12 3 12 16 16 3 16 22 22 22 22 16 22
3 3 0 5 3 8 8 3 10 8 12 3 12 16 16 3 16 22 22 22 22 16 22
3 3 0 5 3 8 8 3 10 8 12 3 12 16 16 3 16 23 23 23 23 23 16
3 3 0 5 3 8 8 3 10 8 12 3 12 16 16 3 16 22 22 22 22 16 22 25 23
3 3 0 5 3 8 8 3 10 8 12 3 12 16 16 3 16 22 22 22 22 16 22 25 23
3 3 0 5 3 8 8 3 10 8 12 3 12 16 16 3 16 23 23 23 23 23 16 25 23
3 3 0 5 3 8 8 3 10 8 12 3 12 16 16 3 16 17 3
3 3 0 5 3 8 8 3 10 8 12 3 12 17 17 17 3 22 22 22 22 3 24 22
3 3 0 5 3 8 8 3 10 8 12 3 12 17 17 17 3 21 21 21 3 21 24 22
3 3 0 5 3 8 8 3 10 8 12 3 12 17 17 17 3 22 22 22 22 3 24 22
3 3 0 5 3 8 8 3 10 8 12 3 12 17 17 17 3 22 22 22 22 3 3
3 3 0 5 3 8 8 3 10 8 12 3 12 17 17 17 3 22 22 22 22 3 24 22
3 3 0 5 3 8 8 3 10 8 12 3 12 17 17 17 3 22 22 22 22 3 24 22
3 3 0 5 3 8 8 3 10 8 12 3 12 17 17 17 3 22 22 22 22 3 24 22
3 3 0 5 3 8 8 3 10 8 12 3 12 17 17 17 3 22 22 22 22 3 24 22
3 3 0 5 3 8 8 3 10 8 12 3 12 17 17 17 3 22 22 22 22 3 24 22
3 3 0 5 3 8 8 3 10 8 12 3 12 17 17 17 3 22 22 22 22 3 24 22 24
3 3 0 5 3 8 8 3 10 8 12 3 12 17 17 17 3 22 22 22 22 3 24 22
3 3 0 5 3 8 8 3 10 8 12 3 12 16 16 3 16 21 21 21 3 21 24 22 29 27 29 29 21 29 30
3 3 0 5 3 8 8 3 10 8 12 3 12 16 16 3 16 21 21 21 3 21 24 22 29 27 29 29 21 29 3
3 3 0 5 3 8 8 3 10 8 12 3 12 16 16 3 16 21 21 21 3 21 24 22 29 29 29 29 21 29 30
3 3 0 5 3 8 8 3 10 8 12 3 12 17 17 17 3 21 21 21 17 21 24 22 29 27 29 29 21 29 30
3 3 0 5 3 8 8 3 10 8 12 3 12 16 16 3 16 21 21 21 3 21 24 22 29 29 29 29 21 29 30
3 3 0 5 3 8 8 3 10 8 12 3 12 17 17 17 3 22 22 22 22 3 24 22 3
3 3 0 5 3 8 8 3 10 8 12 3 12 16 16 3 16 21 21 21 3 21 24 22 32 27 32 27 30 27 32 21 32 33 3
3 3 0 5 3 8 8 3 10 8 12 3 12 16 16 3 16 21 21 21 3 21 24 22 32 27 32 27 30 27 32 21 32 33
3 3 0 5 3 8 8 3 10 8 12 3 12 16 16 3 16 21 21 21 3 21 24 22 32 27 32 27 30 27 32 21 32 33 37 37 33 39 37 41 44 44 44 33 44
3 3 0 5 3 8 8 3 10 8 12 3 12 16 16 3 16 21 21 21 3 21 24 22 32 27 32 27 30 27 32 21 32 33 37 37 33 39 37 41 42 37
3 3 0 5 3 8 8 3 10 8 12 3 12 16 16 3 16 21 21 21 3 21 24 22 32 27 32 27 30 27 32 21 32 33 37 37 33 39 37 41 37 44 44 41
3 3 0 5 3 8 8 3 10 8 12 3 12 16 16 3 16 21 21 21 3 21 24 22 32 27 32 27 30 27 32 21 32 33 37 37 33 39 37 41 37 43 37
3 3 0 5 3 8 8 3 10 8 12 3 12 16 16 3 16 21 21 21 3 21 24 22 32 27 32 27 30 27 32 3 32 33 37 37 33 39 37 41 37 45 45 45 33
