2 0 6 6 6 2
2 0 6 5 6 2
2 0 7 5 7 7 2 7
0
2 0 7 5 7 7 2 7
0
2 0 7 5 7 7 2 7
3 3 0 6 6 3 6
2 0 7 5 7 7 2 7
3 3 0 6 6 3 3
2 0 7 5 7 7 2 7
3 3 0 7 6 7 3 9 7
2 0
2 0 7 5 7 7 2 7
3 3 0 7 6 7 3 9 7
2 0
2 0 7 5 7 7 2 7
3 3 0 7 6 7 3 9 7
2 6 6 5 6 0
2 0 7 5 7 7 2 7
3 3 0 7 6 7 3 9 7
2 8 8 5 8 5 5 0
2 0 7 5 7 7 2 7
3 3 0 7 6 7 3 9 7
2 6 6 5 6 0
2 0 7 5 7 7 2 7
3 3 0 7 6 7 3 9 7
2 7 7 5 7 7 0
2 0 7 5 7 7 2 7
3 3 0 7 6 7 3 9 7
2 7 7 5 7 7 0 9 7
2 0 7 5 7 7 2 7
3 3 0 7 6 7 3 9 7
2 7 7 5 7 7 0 9 7
2 0 7 5 7 7 2 7
3 3 0 7 6 7 3 9 7
2 7 7 5 7 7 0 9 7 7
2 0 7 5 7 7 2 7
3 3 0 7 6 7 3 9 7
2 7 7 5 7 7 0 9 7 7
2 0 7 5 7 7 2 7
3 3 0 7 6 7 3 9 7
2 7 7 5 7 7 0 9 7 9
2 0 7 5 7 7 2 7
3 3 0 7 6 7 3 9 7
2 7 7 5 7 7 0 9 7 11 7
2 0 7 5 7 7 2 7
3 3 0 7 6 7 3 9 7
2 7 7 5 7 7 0 9 7 11 7
3 3 0
2 0 7 5 7 7 2 7
3 3 0 7 6 7 3 9 7
2 7 7 5 7 7 0 9 7 11 7
2 0
2 0 7 5 7 7 2 7
3 3 0 7 6 7 3 9 7
2 7 7 5 7 7 0 9 7 11 7
2 0
2 0 7 5 7 7 2 7
3 3 0 7 6 7 3 9 7
2 7 7 5 7 7 0 9 7 11 7
2 0
2 0 7 5 7 7 2 7
3 3 0 7 6 7 3 9 7
2 7 7 5 7 7 0 9 7 11 7
2 5 5 5 0
2 0 7 5 7 7 2 7
3 3 0 7 6 7 3 9 7
2 7 7 5 7 7 0 9 7 11 7
2 4 4 0
2 0 7 5 7 7 2 7
3 3 0 7 6 7 3 9 7
2 7 7 5 7 7 0 9 7 11 7
2 4 4 0 9 9 9 9 4
2 0 7 5 7 7 2 7
3 3 0 7 6 7 3 9 7
2 7 7 5 7 7 0 9 7 11 7
2 4 4 0 9 9 9 9 4
2 0 7 5 7 7 2 7
3 3 0 7 6 7 3 9 7
2 7 7 5 7 7 0 9 7 11 7
2 4 4 0 9 9 9 9 4
2 0 7 5 7 7 2 7
3 3 0 7 6 7 3 9 7
2 7 7 5 7 7 0 9 7 11 7
2 4 4 0 8 8 8 4
2 0 7 5 7 7 2 7
3 3 0 7 6 7 3 9 7
2 7 7 5 7 7 0 9 7 11 7
2 4 4 0 9 9 9 9 4
2 0 7 5 7 7 2 7
3 3 0 7 6 7 3 9 7
2 7 7 5 7 7 0 9 7 11 7
2 4 4 0 9 9 9 9 4
2 0 7 5 7 7 2 7
3 3 0 7 6 7 3 9 7
2 7 7 5 7 7 0 9 7 11 7
2 4 4 0 9 9 9 9 4
2 0 7 5 7 7 2 7
3 3 0 7 6 7 3 9 7
2 7 7 5 7 7 0 9 7 11 7
2 4 4 0 9 9 9 9 4 9
2 0 7 5 7 7 2 7
3 3 0 7 6 7 3 9 7
2 7 7 5 7 7 0 9 7 11 7
2 4 4 0 9 9 9 9 4 9
2 0 7 5 7 7 2 7
3 3 0 7 6 7 3 9 7
2 7 7 5 7 7 0 9 7 11 7
2 4 4 0 9 9 9 9 4 11 4
0 3
2 0 7 5 7 7 2 7
3 3 0 7 6 7 3 9 7
2 7 7 5 7 7 0 9 7 11 7
2 4 4 0 9 9 9 9 4 11 4
0 1
2 0 7 5 7 7 2 7
3 3 0 7 6 7 3 9 7
2 7 7 5 7 7 0 9 7 11 7
2 4 4 0 9 9 9 9 4 11 4
0 3
2 0 7 5 7 7 2 7
3 3 0 7 6 7 3 9 7
2 7 7 5 7 7 0 9 7 11 7
2 4 4 0 9 9 9 9 4 11 4
0 3
2 0 7 5 7 7 2 7
3 3 0 7 6 7 3 9 7
2 7 7 5 7 7 0 9 7 11 7
2 4 4 0 9 9 9 9 4 11 4
0 3 1 7 4 7 1 10 10
2 0 7 5 7 7 2 7
3 3 0 7 6 7 3 9 7
2 7 7 5 7 7 0 9 7 11 7
2 4 4 0 9 9 9 9 4 11 4
0 3 1 7 4 7 1 10
2 0 7 5 7 7 2 7
3 3 0 7 6 7 3 9 7
2 7 7 5 7 7 0 9 7 11 7
2 4 4 0 9 9 9 9 4 11 4
0 3 1 7 4 7 1 10 10
2 0 7 5 7 7 2 7
3 3 0 7 6 7 3 9 7
2 7 7 5 7 7 0 9 7 11 7
2 4 4 0 9 9 9 9 4 11 4
0 3 1 7 4 7 1 10
2 0 7 5 7 7 2 7
3 3 0 7 6 7 3 9 7
2 7 7 5 7 7 0 9 7 11 7
2 4 4 0 9 9 9 9 4 11 4
0 3 1 7 4 7 1 10
2 0 2 6 4 3 2
