0
3 3 0 5 3 9 9 9
3 3 0 5 3 9 9 9
3 3 0 5 3 9 9 9 3
3 3 0 5 3 3
3 3 0 5 3 7 5
3 3 0 5 3 3
3 3 0 5 3 7 5
3 3 0 5 3 3
3 3 0 5 3 7 5 7
3 3 0 5 3 7 5
3 3 0 5 3 7 5 7
3 3 0 5 3 7 5 7
3 3 0 5 3 7 5 9 7 3
0 1
3 3 0 5 3 7 5 9 7 3
0 1
3 3 0 5 3 7 5 9 7 3
0 1
3 3 0 5 3 7 5 9 7 3
0 1
3 3 0 5 3 7 5 9 7 3
0 3 1
3 3 0 5 3 7 5 9 7 3
0 1 1
3 3 0 5 3 7 5 9 7 3
3 3 0 3
3 3 0 5 3 7 5 9 7 3
3 3 0 3
3 3 0 5 3 7 5 9 7 3
3 3 0 5 3 7 3 10 10 7 12 3
3 3 0 5 3 7 5 9 7 3
3 3 0 5 3 7 3 10 10 7 12 3
3 3 0 5 3 7 5 9 7 3
3 3 0 5 3 7 3 10 10 7 13 13 3
3 3 0 5 3 7 5 9 7 3
3 3 0 5 3 7 3 10 10 7 12 3 12
3 3 0 5 3 7 5 9 7 3
3 3 0 5 3 7 3 10 10 7 13 13 3 3
3 3 0 5 3 7 5 9 7 3
3 3 0 5 3 7 3 10 10 7 13 13 3
3 3 0 5 3 7 5 9 7 3
3 3 0 5 3 7 3 10 10 7 13 13 3 15 13 17 15
3 3 0 5 3 7 5 9 7 3
3 3 0 5 3 7 3 10 10 7 13 13 3 15 13
3 3 0 5 3 7 5 9 7 3
3 3 0 5 3 7 3 10 10 7 13 13 3 15 13
3 3 0 5 3 7 5 9 7 3
3 3 0 5 3 7 3 10 10 7 13 13 3 15 13
3 3 0 5 3 7 5 9 7 3
3 3 0 5 3 7 3 10 10 7 13 13 3 15 13 3
3 3 0 5 3 7 5 9 7 3
3 3 0 5 3 7 3 10 10 7 13 13 3 15 13
3 3 0 5 3 7 5 9 7 3
3 3 0 5 3 7 3 10 10 7 13 13 3 15 13 15 3
3 3 0 5 3 7 5 9 7 3
3 3 0 5 3 7 3 10 10 7 13 13 3 15 13 15 3
3 3 0 5 3 7 5 9 7 3
3 3 0 5 3 7 3 10 10 7 13 13 3 15 13 15 3
3 3 0 3
3 3 0 5 3 7 5 9 7 3
3 3 0 5 3 7 3 10 10 7 13 13 3 15 13 15 3
4 4 4 0 6 4 8 6 10 8 4
3 3 0 5 3 7 3 10 10 7 13 13 3 15 13 15 3
3 3 0 6 6 3 6
3 3 0 5 3 7 5 9 7 3
3 3 0 5 3 7 3 10 10 7 13 13 3 15 13 15 3
3 3 0 6 6 3
3 3 0 5 3 7 5 9 7 3
3 3 0 5 3 7 3 10 10 7 13 13 3 15 13 15 3
3 3 0 6 6 3 8 3 10 8
3 3 0 5 3 7 5 9 7 3
3 3 0 5 3 7 3 10 10 7 13 13 3 15 13 15 3
3 3 0 6 6 3 8 3 10 8 10 14 14
3 3 0 5 3 7 5 9 7 3
3 3 0 5 3 7 3 10 10 7 13 13 3 15 13 15 3
3 3 0 6 6 3 8 3 10 8 10 14 14
3 3 0 5 3 7 5 9 7 3
3 3 0 5 3 7 3 10 10 7 13 13 3 15 13 15 3
3 3 0 6 6 3 8 3 10 8 10 14 14
3 3 0 5 3 7 5 9 7 3
3 3 0 5 3 7 3 10 10 7 13 13 3 15 13 15 3
3 3 0 6 6 3 8 3 10 8 10 14 14
3 3 0 5 3 7 5 9 7 3
3 3 0 5 3 7 3 10 10 7 13 13 3 15 13 15 3
3 3 0 6 6 3 8 3 10 8 10 14 14
3 3 0 5 3 7 5 9 7 3
3 3 0 5 3 7 3 10 10 7 13 13 3 15 13 15 3
3 3 0 6 6 3 8 3 10 8 10 14 14
3 3 0 5 3 7 5 9 7 3
3 3 0 5 3 7 3 10 10 7 13 13 3 15 13 15 3
3 3 0 6 6 3 8 3 10 8 10 14 14 11 18 18 18 3 18 22
3 3 0 5 3 7 5 9 7 3
3 3 0 5 3 7 3 10 10 7 13 13 3 15 13 15 3
3 3 0 6 6 3 8 3 10 8 10 14 14 10 18 18 18 3 18 22
3 3 0 5 3 7 5 9 7 3
3 3 0 5 3 7 3 10 10 7 13 13 3 15 13 15 3
3 3 0 6 6 3 8 3 10 8 10 14 14 10 18 18 18 8 18 22 22 18
3 3 0 5 3 7 5 9 7 3
3 3 0 5 3 7 3 10 10 7 13 13 3 15 13 15 3
3 3 0 6 6 3 8 3 10 8 10 14 14 11 18 18 18 3 18 22
3 3 0 5 3 7 5 9 7 3
3 3 0 5 3 7 3 10 10 7 13 13 3 15 13 15 3
