2 0 15 5 13 8 8 5 8 5 13 13 2 13 13 2
4 1 4 0 4
2 0 15 5 13 8 8 5 8 5 13 13 2 13 13 2
4 1 4 0 4
2 0 15 5 13 8 8 5 8 5 13 13 2 13 13 2
11 1 4 11 7 7 4 11 10 11 0 14 14 9 16 14 20 20 20 16 20 11
4 4 4 7 6 7 0 9 7 11 9 13 11 11
2 0 15 5 13 8 8 5 8 5 13 13 2 13 13 2
11 1 4 11 7 7 4 11 10 11 0 14 14 9 16 14 20 20 20 16 20 11
4 4 4 7 6 7 0 9 7 11 9 13 11
2 0 15 5 13 8 8 5 8 5 13 13 2 13 13 2
11 1 4 11 7 7 4 11 10 11 0 14 14 9 16 14 20 20 20 16 20 11
4 4 4 7 6 7 0 9 7 11 9 13 11 15 11 17 15 20 20 17
2 0 15 5 13 8 8 5 8 5 13 13 2 13 13 2
11 1 4 11 7 7 4 11 10 11 0 14 14 9 16 14 20 20 20 16 20 11
4 4 4 7 6 7 0 9 7 11 9 13 11 15 11 17 15 20 20 17
2 0 15 5 13 8 8 5 8 5 13 13 2 13 13 2
11 1 4 11 7 7 4 11 10 11 0 14 14 9 16 14 20 20 20 16 20 11
4 4 4 7 6 7 0 9 7 11 9 13 11 15 11 17 15 20 20 17
2 0 15 5 13 8 8 5 8 5 13 13 2 13 13 2
11 1 4 11 7 7 4 11 10 11 0 14 14 9 16 14 20 20 20 16 20 11
4 4 4 7 6 7 0 9 7 11 9 13 11 15 11 17 15 20 20 17
2 0 15 5 13 8 8 5 8 5 13 13 2 13 13 2
11 1 4 11 7 7 4 11 10 11 0 14 14 9 16 14 20 20 20 16 20 11
4 4 4 7 6 7 0 9 7 11 9 13 11 15 11 17 15 20 20 17 7
0
2 0 15 5 13 8 8 5 8 5 13 13 2 13 13 2
11 1 4 11 7 7 4 11 10 11 0 14 14 9 16 14 20 20 20 16 20 11
4 4 4 7 6 7 0 9 7 11 9 13 11 15 11 17 15 20 20 17 7
0
2 0 15 5 13 8 8 5 8 5 13 13 2 13 13 2
11 1 4 11 7 7 4 11 10 11 0 14 14 9 16 14 20 20 20 16 20 11
4 4 4 7 6 7 0 9 7 11 9 13 11 15 11 17 15 20 20 17 7
2 0 2
2 0 15 5 13 8 8 5 8 5 13 13 2 13 13 2
11 1 4 11 7 7 4 11 10 11 0 14 14 9 16 14 20 20 20 16 20 11
4 4 4 7 6 7 0 9 7 11 9 13 11 15 11 17 15 20 20 17 7
0
2 0 15 5 13 8 8 5 8 5 13 13 2 13 13 2
11 1 4 11 7 7 4 11 10 11 0 14 14 9 16 14 20 20 20 16 20 11
4 4 4 7 6 7 0 9 7 11 9 13 11 15 11 17 15 20 20 17 7
2 0 4
2 0 15 5 13 8 8 5 8 5 13 13 2 13 13 2
11 1 4 11 7 7 4 11 10 11 0 14 14 9 16 14 20 20 20 16 20 11
4 4 4 7 6 7 0 9 7 11 9 13 11 15 11 17 15 20 20 17 7
2 0 2
2 0 15 5 13 8 8 5 8 5 13 13 2 13 13 2
11 1 4 11 7 7 4 11 10 11 0 14 14 9 16 14 20 20 20 16 20 11
4 4 4 7 6 7 0 9 7 11 9 13 11 15 11 17 15 20 20 17 7
2 5 4 2 0 5
2 0 15 5 13 8 8 5 8 5 13 13 2 13 13 2
11 1 4 11 7 7 4 11 10 11 0 14 14 9 16 14 20 20 20 16 20 11
4 4 4 7 6 7 0 9 7 11 9 13 11 15 11 17 15 20 20 17 7
2 5 4 2 0 5
2 0 15 5 13 8 8 5 8 5 13 13 2 13 13 2
11 1 4 11 7 7 4 11 10 11 0 14 14 9 16 14 20 20 20 16 20 11
4 4 4 7 6 7 0 9 7 11 9 13 11 15 11 17 15 20 20 17 7
2 7 4 2 7 7 0 9 7 13 13 13 7
2 0 15 5 13 8 8 5 8 5 13 13 2 13 13 2
11 1 4 11 7 7 4 11 10 11 0 14 14 9 16 14 20 20 20 16 20 11
4 4 4 7 6 7 0 9 7 11 9 13 11 15 11 17 15 20 20 17 7
2 7 4 2 7 7 0 9 7 11 7 7
2 0 15 5 13 8 8 5 8 5 13 13 2 13 13 2
11 1 4 11 7 7 4 11 10 11 0 14 14 9 16 14 20 20 20 16 20 11
4 4 4 7 6 7 0 9 7 11 9 13 11 15 11 17 15 20 20 17 7
2 7 4 2 7 7 0 9 7 15 15 15 15 15 7 18 18 15 20 18
2 0 15 5 13 8 8 5 8 5 13 13 2 13 13 2
11 1 4 11 7 7 4 11 10 11 0 14 14 9 16 14 20 20 20 16 20 11
4 4 4 7 6 7 0 9 7 11 9 13 11 15 11 17 15 20 20 17 7
2 7 4 2 7 7 0 9 7 15 15 15 15 15 7 18 18 15 20 18
2 0 15 5 13 8 8 5 8 5 13 13 2 13 13 2
11 1 4 11 7 7 4 11 10 11 0 14 14 9 16 14 20 20 20 16 20 11
4 4 4 7 6 7 0 9 7 11 9 13 11 15 11 17 15 20 20 17 7
2 7 4 2 7 7 0 9 7 15 15 15 15 15 7 18 18 15 20 18 22 20 7
3 3 0 16 6 16 9 9 6 9 6 16 16 16 16 3 3
11 1 4 11 7 7 4 11 10 11 0 14 14 9 16 14 20 20 20 16 20 11
4 4 4 7 6 7 0 9 7 11 9 13 11 15 11 17 15 20 20 17 7
2 7 4 2 7 7 0 9 7 15 15 15 15 15 7 18 18 15 20 18 22 20 7
0
2 0 15 5 13 8 8 5 8 5 13 13 2 13 13 2
11 1 4 11 7 7 4 11 10 11 0 14 14 9 16 14 20 20 20 16 20 11
4 4 4 7 6 7 0 9 7 11 9 13 11 15 11 17 15 20 20 17 7
2 7 4 2 7 7 0 9 7 15 15 15 15 15 7 18 18 15 20 18 22 20 7
5 5 5 5 0 7 5
2 0 15 5 13 8 8 5 8 5 13 13 2 13 13 2
11 1 4 11 7 7 4 11 10 11 0 14 14 9 16 14 20 20 20 16 20 11
4 4 4 7 6 7 0 9 7 11 9 13 11 15 11 17 15 20 20 17 7
2 7 4 2 7 7 0 9 7 15 15 15 15 15 7 18 18 15 20 18 22 20 7
5 5 5 5 0 5
2 0 15 5 13 8 8 5 8 5 13 13 2 13 13 2
11 1 4 11 7 7 4 11 10 11 0 14 14 9 16 14 20 20 20 16 20 11
4 4 4 7 6 7 0 9 7 11 9 13 11 15 11 17 15 20 20 17 7
2 7 4 2 7 7 0 9 7 15 15 15 15 15 7 18 18 15 20 18 22 20 7
5 5 5 5 0 5 5
2 0 15 5 13 8 8 5 8 5 13 13 2 13 13 2
11 1 4 11 7 7 4 11 10 11 0 14 14 9 16 14 20 20 20 16 20 11
4 4 4 7 6 7 0 9 7 11 9 13 11 15 11 17 15 20 20 17 7
2 7 4 2 7 7 0 9 7 15 15 15 15 15 7 18 18 15 20 18 22 20 7
5 5 5 5 0 5
2 0 15 5 13 8 8 5 8 5 13 13 2 13 13 2
11 1 4 11 7 7 4 11 10 11 0 14 14 9 16 14 20 20 20 16 20 11
4 4 4 7 6 7 0 9 7 11 9 13 11 15 11 17 15 20 20 17 7
2 7 4 2 7 7 0 9 7 15 15 15 15 15 7 18 18 15 20 18 22 20 7
5 5 5 5 0 5 5
2 0 15 5 13 8 8 5 8 5 13 13 2 13 13 2
11 1 4 11 7 7 4 11 10 11 0 14 14 9 16 14 20 20 20 16 20 11
4 4 4 7 6 7 0 9 7 11 9 13 11 15 11 17 15 20 20 17 7
2 7 4 2 7 7 0 9 7 15 15 15 15 15 7 18 18 15 20 18 22 20 7
5 5 5 5 0 5 5
2 0 15 5 13 8 8 5 8 5 13 13 2 13 13 2
11 1 4 11 7 7 4 11 10 11 0 14 14 9 16 14 20 20 20 16 20 11
4 4 4 7 6 7 0 9 7 11 9 13 11 15 11 17 15 20 20 17 7
2 7 4 2 7 7 0 9 7 15 15 15 15 15 7 18 18 15 20 18 22 20 7
5 5 5 5 0 8 8 5 8
2 0 15 5 13 8 8 5 8 5 13 13 2 13 13 2
11 1 4 11 7 7 4 11 10 11 0 14 14 9 16 14 20 20 20 16 20 11
4 4 4 7 6 7 0 9 7 11 9 13 11 15 11 17 15 20 20 17 7
2 7 4 2 7 7 0 9 7 15 15 15 15 15 7 18 18 15 20 18 22 20 7
5 5 5 5 0 8 8 5 8
2 0 15 5 13 8 8 5 8 5 13 13 2 13 13 2
11 1 4 11 7 7 4 11 10 11 0 14 14 9 16 14 20 20 20 16 20 11
4 4 4 7 6 7 0 9 7 11 9 13 11 15 11 17 15 20 20 17 7
2 7 4 2 7 7 0 9 7 15 15 15 15 15 7 18 18 15 20 18 22 20 7
4 4 4 0 4 10 10 10 10 4 14 11 11 10 16 10 19 19 4 19 22 19 4
5 5 5 5 16 8 8 5 10 8 10 10 16 16 16 0
2 0 15 5 13 8 8 5 8 5 13 13 2 13 13 2
11 1 4 11 7 7 4 11 10 11 0 14 14 9 16 14 20 20 20 16 20 11
4 4 4 7 6 7 0 9 7 11 9 13 11 15 11 17 15 20 20 17 7
2 7 4 2 7 7 0 9 7 15 15 15 15 15 7 18 18 15 20 18 22 20 7
4 4 4 0 4 10 10 10 10 4 14 11 11 10 16 10 19 19 4 19 22 19 4
5 5 5 5 15 8 8 5 10 8 10 10 15 15
2 0 15 5 13 8 8 5 8 5 13 13 2 13 13 2
11 1 4 11 7 7 4 11 10 11 0 14 14 9 16 14 20 20 20 16 20 11
4 4 4 7 6 7 0 9 7 11 9 13 11 15 11 17 15 20 20 17 7
2 7 4 2 7 7 0 9 7 15 15 15 15 15 7 18 18 15 20 18 22 20 7
4 4 4 0 4 10 10 10 10 4 14 11 11 10 16 10 19 19 4 19 22 19 4
5 5 5 5 18 8 8 5 10 8 10 10 18 18 18 18 18 0 20
2 0 15 5 13 8 8 5 8 5 13 13 2 13 13 2
11 1 4 11 7 7 4 11 10 11 0 14 14 9 16 14 20 20 20 16 20 11
4 4 4 7 6 7 0 9 7 11 9 13 11 15 11 17 15 20 20 17 7
2 7 4 2 7 7 0 9 7 15 15 15 15 15 7 18 18 15 20 18 22 20 7
4 4 4 0 4 10 10 10 10 4 14 11 11 10 16 10 19 19 4 19 22 19 4
5 5 5 5 18 8 8 5 10 8 10 10 18 18 18 18 18 0
2 0 15 5 13 8 8 5 8 5 13 13 2 13 13 2
11 1 4 11 7 7 4 11 10 11 0 14 14 9 16 14 20 20 20 16 20 11
4 4 4 7 6 7 0 9 7 11 9 13 11 15 11 17 15 20 20 17 7
2 7 4 2 7 7 0 9 7 15 15 15 15 15 7 18 18 15 20 18 22 20 7
4 4 4 0 4 10 10 10 10 4 14 11 11 10 16 10 19 19 4 19 22 19 4
5 5 5 5 18 8 8 5 10 8 10 10 18 18 18 18 18 0 22 22 22 18 25 25 22 27 25 29 25 31 29 18
6 6 4 6 6
2 0 15 5 13 8 8 5 8 5 13 13 2 13 13 2
11 1 4 11 7 7 4 11 10 11 0 14 14 9 16 14 20 20 20 16 20 11
4 4 4 7 6 7 0 9 7 11 9 13 11 15 11 17 15 20 20 17 7
2 7 4 2 7 7 0 9 7 15 15 15 15 15 7 18 18 15 20 18 22 20 7
4 4 4 0 4 10 10 10 10 4 14 11 11 10 16 10 19 19 4 19 22 19 4
5 5 5 5 18 8 8 5 10 8 10 10 18 18 18 18 18 0 22 22 22 18 25 25 22 27 25 29 25 31 29 18
5 5 4 5
2 0 15 5 13 8 8 5 8 5 13 13 2 13 13 2
11 1 4 11 7 7 4 11 10 11 0 14 14 9 16 14 20 20 20 16 20 11
4 4 4 7 6 7 0 9 7 11 9 13 11 15 11 17 15 20 20 17 7
2 7 4 2 7 7 0 9 7 15 15 15 15 15 7 18 18 15 20 18 22 20 7
4 4 4 0 4 10 10 10 10 4 14 11 11 10 16 10 19 19 4 19 22 19 4
5 5 5 5 18 8 8 5 10 8 10 10 18 18 18 18 18 0 22 22 22 18 25 25 22 27 25 29 25 31 29 18
6 6 4 6 6 0 9 9 6 9
2 0 15 5 13 8 8 5 8 5 13 13 2 13 13 2
11 1 4 11 7 7 4 11 10 11 0 14 14 9 16 14 20 20 20 16 20 11
4 4 4 7 6 7 0 9 7 11 9 13 11 15 11 17 15 20 20 17 7
2 7 4 2 7 7 0 9 7 15 15 15 15 15 7 18 18 15 20 18 22 20 7
4 4 4 0 4 10 10 10 10 4 14 11 11 10 16 10 19 19 4 19 22 19 4
5 5 5 5 18 8 8 5 10 8 10 10 18 18 18 18 18 0 22 22 22 18 25 25 22 27 25 29 25 31 29 18
6 6 4 6 6 0 10 10 10 6 23 13 21 16 16 13 16 13 21 21 10 23 10 6
11 1 4 11 7 7 4 11 10 11 0 14 14 9 16 14 20 20 20 16 20
4 4 4 7 6 7 0 9 7 11 9 13 11 15 11 17 15 20 20 17 7
2 7 4 2 7 7 0 9 7 15 15 15 15 15 7 18 18 15 20 18 22 20 7
4 4 4 0 4 10 10 10 10 4 14 11 11 10 16 10 19 19 4 19 22 19 4
5 5 5 5 18 8 8 5 10 8 10 10 18 18 18 18 18 0 22 22 22 18 25 25 22 27 25 29 25 31 29 18
6 6 4 6 6 0 9 9
2 0 15 5 13 8 8 5 8 5 13 13 2 13 13 2
11 1 4 11 7 7 4 11 10 11 0 14 14 9 16 14 20 20 20 16 20 11
4 4 4 7 6 7 0 9 7 11 9 13 11 15 11 17 15 20 20 17 7
2 7 4 2 7 7 0 9 7 15 15 15 15 15 7 18 18 15 20 18 22 20 7
4 4 4 0 4 10 10 10 10 4 14 11 11 10 16 10 19 19 4 19 22 19 4
5 5 5 5 18 8 8 5 10 8 10 10 18 18 18 18 18 0 22 22 22 18 25 25 22 27 25 29 25 31 29 18
6 6 4 6 6 0
2 0 15 5 13 8 8 5 8 5 13 13 2 13 13 2
11 1 4 11 7 7 4 11 10 11 0 14 14 9 16 14 20 20 20 16 20 11
4 4 4 7 6 7 0 9 7 11 9 13 11 15 11 17 15 20 20 17 7
2 7 4 2 7 7 0 9 7 15 15 15 15 15 7 18 18 15 20 18 22 20 7
4 4 4 0 4 10 10 10 10 4 14 11 11 10 16 10 19 19 4 19 22 19 4
5 5 5 5 18 8 8 5 10 8 10 10 18 18 18 18 18 0 22 22 22 18 25 25 22 27 25 29 25 31 29 18
15 6 4 6 6 15 9 9 6 12 12 9 15 15 0 17 15 20 20
2 0 15 5 13 8 8 5 8 5 13 13 2 13 13 2
11 1 4 11 7 7 4 11 10 11 0 14 14 9 16 14 20 20 20 16 20 11
4 4 4 7 6 7 0 9 7 11 9 13 11 15 11 17 15 20 20 17 7
2 7 4 2 7 7 0 9 7 15 15 15 15 15 7 18 18 15 20 18 22 20 7
4 4 4 0 4 10 10 10 10 4 14 11 11 10 16 10 19 19 4 19 22 19 4
5 5 5 5 18 8 8 5 10 8 10 10 18 18 18 18 18 0 22 22 22 18 25 25 22 27 25 29 25 31 29 18
15 6 4 6 6 15 9 9 6 12 12 9 15 15 0 17 15 20 20
2 0 15 5 13 8 8 5 8 5 13 13 2 13 13 2
11 1 4 11 7 7 4 11 10 11 0 14 14 9 16 14 20 20 20 16 20 11
4 4 4 7 6 7 0 9 7 11 9 13 11 15 11 17 15 20 20 17 7
2 7 4 2 7 7 0 9 7 15 15 15 15 15 7 18 18 15 20 18 22 20 7
4 4 4 0 4 10 10 10 10 4 14 11 11 10 16 10 19 19 4 19 22 19 4
5 5 5 5 18 8 8 5 10 8 10 10 18 18 18 18 18 0 22 22 22 18 25 25 22 27 25 29 25 31 29 18
22 6 4 6 6 22 9 9 6 12 12 9 15 15 22 17 15 19 17 22 22 0 24 22 22
2 0 15 5 13 8 8 5 8 5 13 13 2 13 13 2
11 1 4 11 7 7 4 11 10 11 0 14 14 9 16 14 20 20 20 16 20 11
4 4 4 7 6 7 0 9 7 11 9 13 11 15 11 17 15 20 20 17 7
2 7 4 2 7 7 0 9 7 15 15 15 15 15 7 18 18 15 20 18 22 20 7
4 4 4 0 4 10 10 10 10 4 14 11 11 10 16 10 19 19 4 19 22 19 4
5 5 5 5 18 8 8 5 10 8 10 10 18 18 18 18 18 0 22 22 22 18 25 25 22 27 25 29 25 31 29 18
22 6 4 6 6 22 9 9 6 12 12 9 15 15 22 17 15 19 17 22 22 0 24 22
2 0 15 5 13 8 8 5 8 5 13 13 2 13 13 2
11 1 4 11 7 7 4 11 10 11 0 14 14 9 16 14 20 20 20 16 20 11
4 4 4 7 6 7 0 9 7 11 9 13 11 15 11 17 15 20 20 17 7
2 7 4 2 7 7 0 9 7 15 15 15 15 15 7 18 18 15 20 18 22 20 7
4 4 4 0 4 10 10 10 10 4 14 11 11 10 16 10 19 19 4 19 22 19 4
5 5 5 5 18 8 8 5 10 8 10 10 18 18 18 18 18 0 22 22 22 18 25 25 22 27 25 29 25 31 29 18
22 6 4 6 6 22 9 9 6 12 12 9 15 15 22 17 15 19 17 22 22 0 24 22 22
2 4 4 0 6 4
2 0 15 5 13 8 8 5 8 5 13 13 2 13 13 2
11 1 4 11 7 7 4 11 10 11 0 14 14 9 16 14 20 20 20 16 20 11
4 4 4 7 6 7 0 9 7 11 9 13 11 15 11 17 15 20 20 17 7
2 7 4 2 7 7 0 9 7 15 15 15 15 15 7 18 18 15 20 18 22 20 7
4 4 4 0 4 10 10 10 10 4 14 11 11 10 16 10 19 19 4 19 22 19 4
5 5 5 5 18 8 8 5 10 8 10 10 18 18 18 18 18 0 22 22 22 18 25 25 22 27 25 29 25 31 29 18
22 6 4 6 6 22 9 9 6 12 12 9 15 15 22 17 15 19 17 22 22 0 24 22 22
2 4 4 0 6
2 0 15 5 13 8 8 5 8 5 13 13 2 13 13 2
11 1 4 11 7 7 4 11 10 11 0 14 14 9 16 14 20 20 20 16 20 11
4 4 4 7 6 7 0 9 7 11 9 13 11 15 11 17 15 20 20 17 7
2 7 4 2 7 7 0 9 7 15 15 15 15 15 7 18 18 15 20 18 22 20 7
4 4 4 0 4 10 10 10 10 4 14 11 11 10 16 10 19 19 4 19 22 19 4
5 5 5 5 18 8 8 5 10 8 10 10 18 18 18 18 18 0 22 22 22 18 25 25 22 27 25 29 25 31 29 18
22 6 4 6 6 22 9 9 6 12 12 9 15 15 22 17 15 19 17 22 22 0 24 22 22
2 8 8 8 6 8 8 0 8
13 6 6 6 6 13 9 9 6 13 13 13 0
2 0 15 5 13 8 8 5 8 5 13 13 2 13 13 2
11 1 4 11 7 7 4 11 10 11 0 14 14 9 16 14 20 20 20 16 20 11
4 4 4 7 6 7 0 9 7 11 9 13 11 15 11 17 15 20 20 17 7
2 7 4 2 7 7 0 9 7 15 15 15 15 15 7 18 18 15 20 18 22 20 7
4 4 4 0 4 10 10 10 10 4 14 11 11 10 16 10 19 19 4 19 22 19 4
5 5 5 5 18 8 8 5 10 8 10 10 18 18 18 18 18 0 22 22 22 18 25 25 22 27 25 29 25 31 29 18
22 6 4 6 6 22 9 9 6 12 12 9 15 15 22 17 15 19 17 22 22 0 24 22 22
2 8 8 8 6 8 8 0 8
13 6 6 6 6 13 9 9 6 13 13 13 0 16
2 0 15 5 13 8 8 5 8 5 13 13 2 13 13 2
11 1 4 11 7 7 4 11 10 11 0 14 14 9 16 14 20 20 20 16 20 11
4 4 4 7 6 7 0 9 7 11 9 13 11 15 11 17 15 20 20 17 7
2 7 4 2 7 7 0 9 7 15 15 15 15 15 7 18 18 15 20 18 22 20 7
4 4 4 0 4 10 10 10 10 4 14 11 11 10 16 10 19 19 4 19 22 19 4
5 5 5 5 18 8 8 5 10 8 10 10 18 18 18 18 18 0 22 22 22 18 25 25 22 27 25 29 25 31 29 18
22 6 4 6 6 22 9 9 6 12 12 9 15 15 22 17 15 19 17 22 22 0 24 22 22
2 8 8 8 6 8 8 0 8
13 6 6 6 6 13 9 9 6 13 13 13 0 16 16 13 21 19 21
2 0 15 5 13 8 8 5 8 5 13 13 2 13 13 2
11 1 4 11 7 7 4 11 10 11 0 14 14 9 16 14 20 20 20 16 20 11
4 4 4 7 6 7 0 9 7 11 9 13 11 15 11 17 15 20 20 17 7
2 7 4 2 7 7 0 9 7 15 15 15 15 15 7 18 18 15 20 18 22 20 7
4 4 4 0 4 10 10 10 10 4 14 11 11 10 16 10 19 19 4 19 22 19 4
5 5 5 5 18 8 8 5 10 8 10 10 18 18 18 18 18 0 22 22 22 18 25 25 22 27 25 29 25 31 29 18
22 6 4 6 6 22 9 9 6 12 12 9 15 15 22 17 15 19 17 22 22 0 24 22 22
2 8 8 8 6 8 8 0 8
13 6 6 6 6 13 9 9 6 13 13 13 0 16 16 13 21 19 21
2 0 15 5 13 8 8 5 8 5 13 13 2 13 13 2
11 1 4 11 7 7 4 11 10 11 0 14 14 9 16 14 20 20 20 16 20 11
4 4 4 7 6 7 0 9 7 11 9 13 11 15 11 17 15 20 20 17 7
2 7 4 2 7 7 0 9 7 15 15 15 15 15 7 18 18 15 20 18 22 20 7
4 4 4 0 4 10 10 10 10 4 14 11 11 10 16 10 19 19 4 19 22 19 4
5 5 5 5 18 8 8 5 10 8 10 10 18 18 18 18 18 0 22 22 22 18 25 25 22 27 25 29 25 31 29 18
22 6 4 6 6 22 9 9 6 12 12 9 15 15 22 17 15 19 17 22 22 0 24 22 22
2 8 8 8 6 8 8 0 8
13 6 6 6 6 13 9 9 6 13 13 13 0 16 16 13 21 19 21 21 13 25 25 25 21 27 25 29 25 32 32 29 35 35 13 35
2 0 15 5 13 8 8 5 8 5 13 13 2 13 13 2
11 1 4 11 7 7 4 11 10 11 0 14 14 9 16 14 20 20 20 16 20 11
4 4 4 7 6 7 0 9 7 11 9 13 11 15 11 17 15 20 20 17 7
2 7 4 2 7 7 0 9 7 15 15 15 15 15 7 18 18 15 20 18 22 20 7
4 4 4 0 4 10 10 10 10 4 14 11 11 10 16 10 19 19 4 19 22 19 4
5 5 5 5 18 8 8 5 10 8 10 10 18 18 18 18 18 0 22 22 22 18 25 25 22 27 25 29 25 31 29 18
22 6 4 6 6 22 9 9 6 12 12 9 15 15 22 17 15 19 17 22 22 0 24 22 22
2 8 8 8 6 8 8 0 8
13 6 6 6 6 13 9 9 6 13 13 13 0 16 16 13 21 19 21 21 13 25 25 25 21 27 25 29 25 32 32 29 35 35 13
2 0 15 5 13 8 8 5 8 5 13 13 2 13 13 2
11 1 4 11 7 7 4 11 10 11 0 14 14 9 16 14 20 20 20 16 20 11
4 4 4 7 6 7 0 9 7 11 9 13 11 15 11 17 15 20 20 17 7
2 7 4 2 7 7 0 9 7 15 15 15 15 15 7 18 18 15 20 18 22 20 7
4 4 4 0 4 10 10 10 10 4 14 11 11 10 16 10 19 19 4 19 22 19 4
5 5 5 5 18 8 8 5 10 8 10 10 18 18 18 18 18 0 22 22 22 18 25 25 22 27 25 29 25 31 29 18
22 6 4 6 6 22 9 9 6 12 12 9 15 15 22 17 15 19 17 22 22 0 24 22 22
2 8 8 8 6 8 8 0 8
13 6 6 6 6 13 9 9 6 13 13 13 0 16 16 13 21 19 21 21 13 25 25 25 21 27 25 29 25 32 32 29 35 35 13 35 38 35 38 13
