0
2 7 5 5 2 7 0 9 11 11 16 11 16 16 16 7 18 16
2 7 5 5 2 7 0 9 11 11 16 16 16 16 16 7 16
2 7 5 5 2 7 0 9 11 11 16 11 16 16 16 7 18 16 20 18
2 5 5 5 0 7 9 9 14 9 14 14 14 5 16 14 18 16
2 6 2 2 6 0 8 10 10 15 15 15 15 15 6 17 15 19 17
2 6 2 2 6 0 8 10 10 15 10 15 15 15 6 17 15 19 17 17 22 30 25 25 30 30 30 30 30 15 34 34 34 30 36 34
2 6 2 2 6 0 8 10 10 15 10 15 15 15 6 17 15 19 17 17 22 30 25 25 30 30 30 30 30 15 34 34 34 30 36 34
2 6 2 2 6 0 8 10 10 15 10 15 15 15 6 17 15 19 17 17 22 30 25 25 30 30 30 30 30 15 37 34 34 37 36 34 30 37 38
2 6 2 2 6 0 8 10 10 15 10 15 15 15 6 17 15 19 17 17 22 30 25 25 30 30 30 30 30 15 37 34 34 30 36 34 30
2 6 2 2 6 0 8 10 10 15 10 15 15 15 6 17 15 19 17 17 22 30 25 25 30 30 30 30 30 15 37 34 34 37 36 34 38 39 6
2 6 2 2 6 0 8 10 10 15 10 15 15 15 6 17 15 19 17 17 22 30 25 25 30 30 30 30 30 15 37 34 34 37 36 34 30 6
2 6 2 2 6 0 8 10 10 15 10 15 15 15 6 17 15 19 17 17 22 30 25 25 30 30 30 30 30 15 37 34 34 37 36 34 30 40 40 37 42 40
2 6 2 2 6 0 8 10 10 15 10 15 15 15 6 17 15 19 17 17 22 30 25 25 30 30 30 30 30 15 37 34 34 37 36 34 30 40 40 37 42 40
2 6 2 2 6 0 8 10 10 15 10 15 15 15 6 17 15 19 17 17 22 30 25 25 30 30 30 30 30 15 37 34 34 37 36 34 40 40 40 30 42 40 44 42
2 6 2 2 6 0 8 10 10 15 10 15 15 15 6 17 15 19 17 17 22 30 25 25 30 30 30 30 30 15 37 34 34 37 36 34 40 40 40 30 42 40 44 42
2 6 2 2 6 0 8 10 10 15 10 15 15 15 6 17 15 19 17 17 22 30 25 25 30 30 30 30 30 15 37 34 34 37 36 34 30 40 40 37 42 40 44 40 44 45
2 6 2 2 6 0 8 10 10 15 10 15 15 15 6 17 15 19 17 17 22 30 25 25 30 30 30 30 30 15 37 34 34 37 36 34 30 40 40 37 42 40 44 40 44 45
2 6 2 2 6 0 8 10 10 15 10 15 15 15 6 17 15 19 17 17 22 30 25 25 30 30 30 30 30 15 37 34 34 37 36 34 30 40 40 37 42 40 44 40 44 44 46
2 6 2 2 6 0 8 10 10 15 10 15 15 15 6 17 15 19 17 17 22 30 25 25 30 30 30 30 30 15 37 34 34 37 36 34 30 40 40 37 42 40 44 40 44 44
2 6 2 2 6 0 8 10 10 15 10 15 15 15 6 17 15 19 17 17 22 25 25 25 30 30 30 30 30 15 37 34 34 37 36 34 30 53 40 37 42 40 44 53 44 44 46 53 53 53 52 53 37 6
2 6 2 2 6 0 8 10 10 15 10 15 15 15 6 17 15 19 17 17 22 25 25 25 30 30 30 30 30 15 37 34 34 37 36 34 30 53 40 37 42 40 44 50 44 44 46 50 50 53 52 53 37
2 6 2 2 6 0 8 10 10 6 10 15 15 15 6 17 15 19 17 17 22 25 25 25 30 30 30 30 30 15 37 34 34 37 36 34 30 53 40 37 42 40 44 53 44 44 46 53 50 53 52 53 37 53
2 6 2 2 6 0 8 10 10 6 10 15 15 15 6 17 15 19 17 17 22 25 25 25 30 30 30 30 30 15 37 34 34 37 36 34 30 40 40 37 42 40 44 53 44 44 46 53 50 53 52 53 37 53
2 6 2 2 6 0 8 10 10 6 10 15 15 15 6 17 15 19 17 17 22 25 25 25 30 30 30 30 30 15 37 34 34 37 36 34 30 53 40 37 42 40 44 53 44 44 46 53 53 53 52 53 37 53 54
2 6 2 2 6 0 8 10 10 6 10 15 15 15 6 17 15 19 17 17 22 25 25 25 30 30 30 30 30 15 37 34 34 37 36 34 30 53 40 37 42 40 44 53 44 44 46 53 50 53 52 53 37 53 54
2 6 2 2 6 0 8 10 10 6 10 15 15 15 6 17 15 19 17 17 22 15 25 25 30 30 30 30 30 15 37 34 34 37 36 34 59 59 40 59 42 40 44 59 44 44 46 59 50 53 52 53 59 53 59 59 58 59 6 59
2 6 2 2 6 0 8 10 10 6 10 15 15 15 6 17 15 19 17 17 22 15 25 25 30 30 30 30 30 15 37 34 34 37 36 34 60 60 40 37 42 40 44 50 44 44 46 60 50 60 52 53 60 53 58 60 58 60 60 6
2 6 2 2 6 0 8 10 10 6 10 15 15 15 6 17 15 19 17 17 22 15 25 25 30 30 30 30 30 15 37 34 34 37 36 34 30 40 40 37 42 40 44 48 44 44 46 40 50 48 52 53 56 53 56 60 58 60 60 37 65 63 65 65 69 69 69 69 72 72 72 6
2 6 2 2 6 0 8 10 10 6 10 15 15 15 6 17 15 19 17 17 22 15 25 25 30 30 30 30 30 15 37 34 34 37 36 34 30 40 40 37 42 40 44 40 44 44 46 49 47 51 52 55 52 55 59 57 59 59 40 64 62 64 64 68 68 68 68 71 71 71 6
2 6 2 2 6 0 8 10 10 6 15 15 15 15 6 17 15 19 17 17 22 15 25 25 30 30 30 30 30 15 37 34 34 37 36 34 30 40 40 37 42 40 44 40 44 44 46 49 47 51 52 55 52 55 59 57 59 59 64 64 62 64 64 68 68 68 68 71 71 71 37 73 71
2 6 2 2 6 0 8 10 10 6 10 15 15 15 6 17 15 19 17 17 22 15 25 25 30 27 15 27 30 27 37 34 34 37 36 34 27 40 40 37 42 40 44 40 44 44 46 49 47 51 52 55 52 55 59 57 59 59 64 64 62 64 64 66 66 37 69 69 66
2 6 2 2 6 0 8 10 10 6 10 15 15 15 6 17 15 19 17 17 22 15 25 25 30 27 30 27 30 15 37 34 34 37 36 34 30 40 40 37 42 40 44 40 44 44 46 49 47 51 52 55 52 55 59 57 59 71 71 64 62 64 64 71 71 71 71 71 71 71 37 71
2 6 2 2 6 0 8 10 10 15 10 15 15 15 6 17 15 19 17 17 22 15 25 25 30 30 30 30 30 15 37 34 34 37 36 34 30 40 40 37 42 40 44 42 44 42 46 49 47 51 52 55 52 55 59 57 59 59 64 64 62 64 64 71 71 71 71 71 71 71 37
2 6 2 2 6 0 8 10 10 15 10 15 15 15 6 17 15 19 17 17 22 15 25 25 30 27 15 27 30 27 37 34 34 37 36 34 27 40 40 37 42 40 44 40 44 44 46 49 47 51 52 55 52 55 59 57 55 59 64 64 62 64 64 73 73 73 71 71 71 71 73 73 37 73 74 75
2 6 2 2 6 0 8 10 10 15 10 15 15 15 6 17 15 19 17 17 22 15 25 25 30 30 30 30 30 15 37 34 34 37 36 34 30 40 40 37 42 40 44 42 44 42 46 49 47 51 52 55 52 55 59 57 55 59 64 59 62 64 64 66 73 73 71 71 71 71 73 73 37 73 74
2 6 2 2 6 0 8 10 10 6 10 15 15 15 6 17 15 19 17 17 22 15 25 25 27 27 15 27 30 27 37 34 34 37 36 34 27 40 40 37 42 40 44 40 44 44 46 49 47 51 52 55 52 55 59 57 55 59 66 64 62 64 64 66 66 37 68 66 73 71 73 73 66 76 76 73 73 77
2 6 2 2 6 0 8 10 10 6 10 15 15 15 6 17 15 19 17 17 22 15 25 25 27 27 15 27 30 27 37 34 34 37 36 34 27 40 40 37 42 40 44 40 44 44 46 49 47 51 52 55 52 55 59 57 55 59 66 64 62 64 64 66 66 37 68 66 73 71 73 73 66 76 76 73 73 77
2 6 2 2 6 0 8 10 10 6 10 15 15 15 6 17 15 19 17 17 22 15 25 25 30 30 30 30 30 15 37 34 34 37 36 34 30 40 40 37 42 40 44 40 44 44 46 49 47 51 52 55 52 55 59 57 55 59 66 64 62 60 64 66 66 37 68 66 73 71 73 73 66 76 76 73 73 79 77 82 82 77
2 6 2 2 6 0 8 10 10 6 10 15 15 15 6 17 15 19 17 17 22 15 25 25 30 30 30 30 30 15 37 34 34 37 36 34 30 40 40 37 42 40 44 40 44 44 46 49 47 51 52 55 52 55 59 57 55 59 66 59 62 60 64 66 66 37 68 66 73 71 73 73 66 76 76 73 73 79 77 81 79 81
2 6 2 2 6 0 8 10 10 15 10 15 15 15 6 17 15 19 17 17 22 15 25 25 30 30 30 30 30 15 37 34 34 37 36 34 30 40 40 37 42 40 44 40 44 40 46 49 47 51 52 55 52 55 59 57 55 59 66 64 62 60 64 66 66 6 68 66 73 71 73 73 66 76 76 73 79 79 73 82 82 79 86 86 86 82 88 86 88 89
2 6 2 2 6 0 8 10 10 15 10 15 15 15 6 17 15 19 17 17 22 15 25 25 30 30 30 30 30 15 37 34 34 37 36 34 30 40 40 37 42 40 44 40 44 40 46 49 47 51 52 55 52 55 59 57 55 59 66 64 62 60 64 66 66 6 68 66 73 71 73 73 66 76 76 73 79 79 73 82 82 79 86 86 86 82 88 86 88 89
2 6 2 2 6 0 8 10 10 6 10 15 15 15 6 17 15 19 17 17 22 15 25 25 30 27 30 27 30 15 37 34 34 37 36 34 27 40 40 37 42 40 44 40 44 44 46 49 47 51 52 55 52 55 59 57 55 59 66 59 62 60 64 66 66 13 68 66 73 71 73 73 77 76 76 73 66 79 77 82 82 77 86 86 86 82 88 86 90 77 90 94 94 91 90
2 6 2 2 6 0 8 10 10 15 15 15 15 15 6 17 15 19 17 6
11 3 1 6 6 11 11 11 11 11 0 18 15 15 18 17 15 11 21 21 18 23 21 25 21 25 25 27 30 28 32 33 36 33 36 40 38 36 40 47 45 43 41 45 47 47 18 49 47 54 52 54 54 47 57 57 54 54 60 58 63 63 58 67 67 67 63 69 67 71 58 71 75 75 72 71
2 6 2 2 6 0 8 10 10 6 10 15 15 15 6 17 15 19 17 17 22 15 25 25 30 27 30 27 30 15 37 34 34 37 36 34 27 40 40 37 42 40 44 40 44 44 46 49 47 51 52 55 52 55 59 57 55 59 66 59 62 60 64 66 66 13 68 66 73 71 73 73 77 76 76 73 66 79 77 82 82 77 86 86 86 82 88 86 90 77 90 94 94 91 90
2 6 2 2 6 0 8 10 10 15 15 15 15 15 6 17 15 19 17 6
11 3 1 6 6 11 11 11 11 11 0 18 15 15 18 17 15 11 21 21 18 23 21 25 21 25 25 27 30 28 32 33 36 33 36 40 38 36 40 47 45 43 41 45 47 47 18 49 47 54 52 54 54 47 57 57 54 54 60 58 63 63 58 67 67 67 63 69 67 71 58 71 75 75 72 71
2 6 2 2 6 0 8 10 10 15 15 15 15 15 6 17 15 19 17 6
11 3 1 6 6 1 11 11 11 11 0 18 15 15 18 17 15 11 21 21 18 23 21 25 21 25 25 27 11
2 5 4 5 19 5 8 12 10 12 12 19 12 15 17 17 19 19 0 21 19 26 24 26 26 19 29 29 26 26 32 30 35 35 43 39 39 39 35 41 39 43 30 43 47 47 44 43
2 6 2 2 6 0 8 10 10 15 15 15 15 15 6 17 15 19 17 6
11 3 1 6 6 11 11 11 11 11 0 18 15 15 18 17 15 11 21 21 18 23 21 25 21 25 25 27 30 28 32 33 36 33 36 40 38 36 40 47 45 43 41 45 47 47 18 49 47 54 52 54 54 47 57 57 54 54 60 58 63 63 58 67 67 67 63 69 67 71 58 71 75 75 72 71
2 6 2 2 6 0 8 10 10 15 15 15 15 15 6 17 15 19 17 6
11 3 1 6 6 11 11 11 11 11 0 18 15 15 18 17 15 11 21 21 18 23 21 25 21 25 25 27 11
2 5 4 5 19 5 8 12 10 12 12 19 12 15 17 17 19 19 0 21 19 26 24 26 26 19 29 29 26 26 32 30 35 35 43 39 39 39 35 41 39 43 30 43 47 47 44 43
2 6 2 2 6 0 8 10 10 15 15 15 15 15 6 17 15 19 17 6
11 3 1 6 6 11 11 11 11 11 0 18 15 15 18 17 15 11 21 21 18 23 21 25 21 25 25 27 11
2 5 4 5 19 5 8 19 10 12 12 19 12 15 13 17 19 19 0 21 19 26 24 26 26 19 29 29 26 19
14 3 1 6 6 14 10 10 10 6 12 10 14 0 14 18 18 15 14
2 6 2 2 6 0 8 10 10 15 15 15 15 15 6 17 15 19 17 6
11 3 1 6 6 11 11 11 11 11 0 18 15 15 18 17 15 11 21 21 18 23 21 25 21 25 25 27 11
2 5 4 5 19 5 8 19 10 12 12 19 12 15 13 17 19 19 0 21 19 26 24 26 26 19 29 29 26 19
14 3 1 6 6 14 10 10 10 6 12 10 14 0 14 18 18 15
2 6 2 2 6 0 8 10 10 15 15 15 15 15 6 17 15 19 17 6
11 3 1 6 6 11 11 11 11 11 0 18 15 15 18 17 15 11 21 21 18 23 21 25 21 25 25 27 11
2 5 4 5 19 5 8 19 10 12 12 19 12 15 13 17 19 19 0 21 19 26 24 26 26 19 29 29 26 19
14 3 1 6 6 14 10 10 10 6 12 10 14 0 14 18 18 15 14
2 0
2 6 2 2 6 0 8 10 10 15 15 15 15 15 6 17 15 19 17 6
11 3 1 6 6 11 11 11 11 11 0 18 15 15 18 17 15 11 21 21 18 23 21 25 21 25 25 27 11
2 5 4 5 19 5 8 19 10 12 12 19 12 15 13 17 19 19 0 21 19 26 24 26 26 19 29 29 26 19
14 3 1 6 6 14 10 10 10 6 12 10 14 0 14 18 18 15 14
2 0
2 6 2 2 6 0 8 10 10 15 15 15 15 15 6 17 15 19 17 6
11 3 1 6 6 11 11 11 11 11 0 18 15 15 18 17 15 11 21 21 18 23 21 25 21 25 25 27 11
2 5 4 5 19 5 8 19 10 12 12 19 12 15 13 17 19 19 0 21 19 26 24 26 26 19 29 29 26 19
14 3 1 6 6 14 10 10 10 6 12 10 14 0 14 18 18 15 14
2 0
2 6 2 2 6 0 8 10 10 15 15 15 15 15 6 17 15 19 17 6
11 3 1 6 6 11 11 11 11 11 0 18 15 15 18 17 15 11 21 21 18 23 21 25 21 25 25 27 11
2 5 4 5 19 5 8 19 10 12 12 19 12 15 13 17 19 19 0 21 19 26 24 26 26 19 29 29 26 19
14 3 1 6 6 14 10 10 10 6 12 10 14 0 14 18 18 15 14
2 0
2 6 2 2 6 0 8 10 10 15 15 15 15 15 6 17 15 19 17 6
11 3 1 6 6 11 11 11 11 11 0 18 15 15 18 17 15 11 21 21 18 23 21 25 21 25 25 27 11
2 5 4 5 19 5 8 19 10 12 12 19 12 15 13 17 19 19 0 21 19 26 24 26 26 19 29 29 26 19
14 3 1 6 6 14 10 10 10 6 12 10 14 0 14 18 18 15 14
2 7 7 7 7 7 13 9 7 13 13 13 0 13
2 6 2 2 6 0 8 10 10 15 15 15 15 15 6 17 15 19 17 6
11 3 1 6 6 11 11 11 11 11 0 18 15 15 18 17 15 11 21 21 18 23 21 25 21 25 25 27 11
2 5 4 5 19 5 8 19 10 12 12 19 12 15 13 17 19 19 0 21 19 26 24 26 26 19 29 29 26 19
14 3 1 6 6 14 10 10 10 6 12 10 14 0 14 18 18 15 14
2 7 7 7 7 7 13 9 13 13 13 13 0 13
2 6 2 2 6 0 8 10 10 15 15 15 15 15 6 17 15 19 17 6
11 3 1 6 6 11 11 11 11 11 0 18 15 15 18 17 15 11 21 21 18 23 21 25 21 25 25 27 11
2 5 4 5 19 5 8 19 10 12 12 19 12 15 13 17 19 19 0 21 19 26 24 26 26 19 29 29 26 19
14 3 1 6 6 14 10 10 10 6 12 10 14 0 14 18 18 15 14
2 7 7 7 7 7 13 9 7 13 13 13 0 13
2 6 2 2 6 0 8 10 10 15 15 15 15 15 6 17 15 19 17 6
11 3 1 6 6 11 11 11 11 11 0 18 15 15 18 17 15 11 21 21 18 23 21 25 21 25 25 27 11
2 5 4 5 19 5 8 19 10 12 12 19 12 15 13 17 19 19 0 21 19 26 24 26 26 19 29 29 26 19
14 3 1 6 6 14 10 10 10 6 12 10 14 0 14 18 18 15 14
2 7 7 7 7 7 0 9 7 13 13 13 7
2 6 2 2 6 0 8 10 10 15 15 15 15 15 6 17 15 19 17 6
11 3 1 6 6 11 11 11 11 11 0 18 15 15 18 17 15 11 21 21 18 23 21 25 21 25 25 27 11
2 5 4 5 19 5 8 19 10 12 12 19 12 15 13 17 19 19 0 21 19 26 24 26 26 19 29 29 26 19
14 3 1 6 6 14 10 10 10 6 12 10 14 0 14 18 18 15 14
2 7 7 7 7 7 13 9 7 13 13 13 0 15 13 15
2 6 2 2 6 0 8 10 10 15 15 15 15 15 6 17 15 19 17 6
11 3 1 6 6 11 11 11 11 11 0 18 15 15 18 17 15 11 21 21 18 23 21 25 21 25 25 27 11
2 5 4 5 19 5 8 19 10 12 12 19 12 15 13 17 19 19 0 21 19 26 24 26 26 19 29 29 26 19
14 3 1 6 6 14 10 10 10 6 12 10 14 0 14 18 18 15 14
2 7 7 7 7 7 13 9 7 13 13 13 0 13
2 6 2 2 6 0 8 10 10 15 15 15 15 15 6 17 15 19 17 6
11 3 1 6 6 11 11 11 11 11 0 18 15 15 18 17 15 11 21 21 18 23 21 25 21 25 25 27 11
2 5 4 5 19 5 8 19 10 12 12 19 12 15 13 17 19 19 0 21 19 26 24 26 26 19 29 29 26 19
14 3 1 6 6 14 10 10 10 6 12 10 14 0 14 18 18 15 14
2 7 7 7 7 7 13 9 13 13 13 13 16 16 16 0 19 19 16 24 24 24 24 19
2 6 2 2 6 0 8 10 10 15 15 15 15 15 6 17 15 19 17 6
11 3 1 6 6 11 11 11 11 11 0 18 15 15 18 17 15 11 21 21 18 23 21 25 21 25 25 27 11
2 5 4 5 19 5 8 19 10 12 12 19 12 15 13 17 19 19 0 21 19 26 24 26 26 19 29 29 26 19
14 3 1 6 6 14 10 10 10 6 12 10 14 0 14 18 18 15 14
2 7 7 7 7 7 13 9 7 13 13 13 0 16 16 13 19 19 16 24 24 24 24 19
2 6 2 2 6 0 8 10 10 15 15 15 15 15 6 17 15 19 17 6
11 3 1 6 6 11 11 11 11 11 0 18 15 15 18 17 15 11 21 21 18 23 21 25 21 25 25 27 11
2 5 4 5 19 5 8 19 10 12 12 19 12 15 13 17 19 19 0 21 19 26 24 26 26 19 29 29 26 19
14 3 1 6 6 14 10 10 10 6 12 10 14 0 14 18 18 15 14
2 7 7 7 7 7 13 9 7 13 13 13 16 13 16 0 19 19 16 24 24 24 24 19 26 24 28 30 30 35 32 30 35 35 24
2 6 2 2 6 0 8 10 10 15 15 15 15 15 6 17 15 19 17 6
11 3 1 6 6 11 11 11 11 11 0 18 15 15 18 17 15 11 21 21 18 23 21 25 21 25 25 27 11
2 5 4 5 19 5 8 19 10 12 12 19 12 15 13 17 19 19 0 21 19 26 24 26 26 19 29 29 26 19
14 3 1 6 6 14 10 10 10 6 12 10 14 0 14 18 18 15 14
2 7 7 7 7 7 13 9 7 13 13 13 16 13 16 0 19 19 16 24 24 24 24 19 26 24 28 30 30 35 32 30 35 35 24
2 6 2 2 6 0 8 10 10 15 15 15 15 15 6 17 15 19 17 6
11 3 1 6 6 11 11 11 11 11 0 18 15 15 18 17 15 11 21 21 18 23 21 25 21 25 25 27 11
2 5 4 5 19 5 8 19 10 12 12 19 12 15 13 17 19 19 0 21 19 26 24 26 26 19 29 29 26 19
14 3 1 6 6 14 10 10 10 6 12 10 14 0 14 18 18 15 14
2 7 7 7 7 7 13 9 7 13 13 13 16 13 16 0 19 19 16 24 24 23 24 19 26 24 28 30 30 24 32 30 32 32 32 32 32 32 32 32 42 40
2 6 2 2 6 0 8 10 10 15 15 15 15 15 6 17 15 19 17 6
11 3 1 6 6 11 11 11 11 11 0 18 15 15 18 17 15 11 21 21 18 23 21 25 21 25 25 27 11
2 5 4 5 19 5 8 19 10 12 12 19 12 15 13 17 19 19 0 21 19 26 24 26 26 19 29 29 26 19
14 3 1 6 6 14 10 10 10 6 12 10 14 0 14 18 18 15 14
2 7 7 7 7 7 13 9 7 13 13 13 16 13 16 0 19 19 16 24 24 23 24 19 26 24 40 40 30 40 32 30 32 32 32 32 32 32 40 24 40 40
2 6 2 2 6 0 8 10 10 15 15 15 15 15 6 17 15 19 17 6
11 3 1 6 6 11 11 11 11 11 0 18 15 15 18 17 15 11 21 21 18 23 21 25 21 25 25 27 11
2 5 4 5 19 5 8 19 10 12 12 19 12 15 13 17 19 19 0 21 19 26 24 26 26 19 29 29 26 19
14 3 1 6 6 14 10 10 10 6 12 10 14 0 14 18 18 15 14
2 7 7 7 7 7 13 9 7 13 13 13 16 13 16 0 19 19 16 24 24 24 24 19 26 24 28 30 30 24 32 30 32 33 33 33 33 33 33 33 46 41 46 46 46 30 46 47
2 6 2 2 6 0 8 10 10 15 15 15 15 15 6 17 15 19 17 6
11 3 1 6 6 11 11 11 11 11 0 18 15 15 18 17 15 11 21 21 18 23 21 25 21 25 25 27 11
2 5 4 5 19 5 8 19 10 12 12 19 12 15 13 17 19 19 0 21 19 26 24 26 26 19 29 29 26 19
14 3 1 6 6 14 10 10 10 6 12 10 14 0 14 18 18 15 14
2 7 7 7 7 7 13 9 7 13 13 13 16 13 16 0 19 19 16 24 24 24 24 19 26 24 28 30 30 24 32 30 32 33 33 33 33 33 33 33 46 41 46 46 46 30 46 47
2 6 2 2 6 0 8 10 10 15 15 15 15 15 6 17 15 19 17 6
11 3 1 6 6 11 11 11 11 11 0 18 15 15 18 17 15 11 21 21 18 23 21 25 21 25 25 27 11
2 5 4 5 19 5 8 19 10 12 12 19 12 15 13 17 19 19 0 21 19 26 24 26 26 19 29 29 26 19
14 3 1 6 6 14 10 10 10 6 12 10 14 0 14 18 18 15 14
2 7 7 7 7 7 13 9 7 13 13 13 16 13 16 0 19 19 16 24 24 24 24 19 26 24 28 30 30 24 32 30 32 33 33 33 33 33 33 33 46 46 46 46 46 30 46 47 16
2 6 2 2 6 0 8 10 10 15 15 15 15 15 6 17 15 19 17 6
11 3 1 6 6 11 11 11 11 11 0 18 15 15 18 17 15 11 21 21 18 23 21 25 21 25 25 27 11
2 5 4 5 19 5 8 19 10 12 12 19 12 15 13 17 19 19 0 21 19 26 24 26 26 19 29 29 26 19
14 3 1 6 6 14 10 10 10 6 12 10 14 0 14 18 18 15 14
2 7 7 7 7 7 13 9 7 13 13 13 16 13 16 0 19 19 16 24 24 24 24 19 26 24 28 30 30 24 32 30 32 33 33 33 33 33 33 33 33 46 46 46 46 30 46 47
2 6 2 2 6 0 8 10 10 15 15 15 15 15 6 17 15 19 17 6
11 3 1 6 6 11 11 11 11 11 0 18 15 15 18 17 15 11 21 21 18 23 21 25 21 25 25 27 11
2 5 4 5 19 5 8 19 10 12 12 19 12 15 13 17 19 19 0 21 19 26 24 26 26 19 29 29 26 19
14 3 1 6 6 14 10 10 10 6 12 10 14 0 14 18 18 15 14
2 7 7 7 7 7 13 9 7 13 13 13 16 13 16 0 19 19 16 24 24 24 24 19 26 24 28 30 30 24 32 30 32 33 33 33 33 33 33 33 46 41 46 46 46 30 46 46 48
2 6 2 2 6 0 8 10 10 15 15 15 15 15 6 17 15 19 17 6
11 3 1 6 6 11 11 11 11 11 0 18 15 15 18 17 15 11 21 21 18 23 21 25 21 25 25 27 11
2 5 4 5 19 5 8 19 10 12 12 19 12 15 13 17 19 19 0 21 19 26 24 26 26 19 29 29 26 19
14 3 1 6 6 14 10 10 10 6 12 10 14 0 14 18 18 15 14
2 7 7 7 7 7 13 9 7 13 13 13 16 13 16 0 19 19 16 24 24 24 24 19 26 24 28 30 30 24 32 30 32 33 33 33 33 33 33 33 46 41 46 46 46 30 46 46 48
2 6 2 2 6 0 8 10 10 15 15 15 15 15 6 17 15 19 17 6
11 3 1 6 6 11 11 11 11 11 0 18 15 15 18 17 15 11 21 21 18 23 21 25 21 25 25 27 11
2 5 4 5 19 5 8 19 10 12 12 19 12 15 13 17 19 19 0 21 19 26 24 26 26 19 29 29 26 19
14 3 1 6 6 14 10 10 10 6 12 10 14 0 14 18 18 15 14
2 7 7 7 7 7 13 9 7 13 13 13 16 13 16 0 19 19 16 24 24 24 24 19 26 24 28 30 30 24 32 30 32 33 33 33 33 33 33 33 33 33 46 46 46 30 46 46 46 49
2 6 2 2 6 0 8 10 10 15 15 15 15 15 6 17 15 19 17 6
11 3 1 6 6 11 11 11 11 11 0 18 15 15 18 17 15 11 21 21 18 23 21 25 21 25 25 27 11
2 5 4 5 19 5 8 19 10 12 12 19 12 15 13 17 19 19 0 21 19 26 24 26 26 19 29 29 26 19
14 3 1 6 6 14 10 10 10 6 12 10 14 0 14 18 18 15 14
2 7 7 7 7 7 13 9 7 13 13 13 16 13 16 0 19 19 16 24 24 24 24 19 26 24 28 30 30 24 32 30 32 33 33 33 33 33 33 33 33 46 46 46 46 30 46 46 48
2 6 2 2 6 0 8 10 10 15 15 15 15 15 6 17 15 19 17 6
11 3 1 6 6 11 11 11 11 11 0 18 15 15 18 17 15 11 21 21 18 23 21 25 21 25 25 27 11
2 5 4 5 19 5 8 19 10 12 12 19 12 15 13 17 19 19 0 21 19 26 24 26 26 19 29 29 26 19
14 3 1 6 6 14 10 10 10 6 12 10 14 0 14 18 18 15 14
2 7 7 7 7 7 13 9 7 13 13 13 16 13 16 0 19 19 16 24 24 24 24 19 26 24 28 30 30 24 32 30 32 33 33 33 33 33 33 33 33 33 46 46 46 30 46 47 47 47
2 6 2 2 6 0 8 10 10 15 15 15 15 15 6 17 15 19 17 6
11 3 1 6 6 11 11 11 11 11 0 18 15 15 18 17 15 11 21 21 18 23 21 25 21 25 25 27 11
2 5 4 5 19 5 8 19 10 12 12 19 12 15 13 17 19 19 0 21 19 26 24 26 26 19 29 29 26 19
14 3 1 6 6 14 10 10 10 6 12 10 14 0 14 18 18 15 14
2 7 7 7 7 7 13 9 7 13 13 13 16 13 16 0 19 19 16 24 24 24 24 19 26 24 28 30 30 24 32 30 32 33 33 33 33 33 33 33 33 46 46 46 46 30 48 46
2 6 2 2 6 0 8 10 10 15 15 15 15 15 6 17 15 19 17 6
11 3 1 6 6 11 11 11 11 11 0 18 15 15 18 17 15 11 21 21 18 23 21 25 21 25 25 27 11
2 5 4 5 19 5 8 19 10 12 12 19 12 15 13 17 19 19 0 21 19 26 24 26 26 19 29 29 26 19
14 3 1 6 6 14 10 10 10 6 12 10 14 0 14 18 18 15 14
2 7 7 7 7 7 13 9 7 13 13 13 16 13 16 0 19 19 16 24 24 24 24 19 26 24 28 30 30 24 32 30 32 33 33 33 33 33 33 33 33 33 33 46 46 43 46 47 47 47 47 47 46 47 56 54 56 57
2 6 2 2 6 0 8 10 10 15 15 15 15 15 6 17 15 19 17 6
11 3 1 6 6 11 11 11 11 11 0 18 15 15 18 17 15 11 21 21 18 23 21 25 21 25 25 27 11
2 5 4 5 19 5 8 19 10 12 12 19 12 15 13 17 19 19 0 21 19 26 24 26 26 19 29 29 26 19
14 3 1 6 6 14 10 10 10 6 12 10 14 0 14 18 18 15 14
2 7 7 7 7 7 13 9 7 13 13 13 16 13 16 0 19 19 16 24 24 24 24 19 26 24 28 30 30 24 32 30 32 33 33 33 33 33 33 33 33 33 33 46 46 43 46 47 47 52 56 56 56 56 56 46 56
2 6 2 2 6 0 8 10 10 15 15 15 15 15 6 17 15 19 17 6
11 3 1 6 6 11 11 11 11 11 0 18 15 15 18 17 15 11 21 21 18 23 21 25 21 25 25 27 11
2 5 4 5 19 5 8 19 10 12 12 19 12 15 13 17 19 19 0 21 19 26 24 26 26 19 29 29 26 19
14 3 1 6 6 14 10 10 10 6 12 10 14 0 14 18 18 15 14
2 7 7 7 7 7 13 9 7 13 13 13 16 13 16 0 19 19 16 24 24 24 24 19 26 24 28 30 30 24 32 30 32 33 33 33 33 33 33 33 33 33 33 46 46 43 46 47 47 52 54 54 54 46 54 54 56 57
2 6 2 2 6 0 8 10 10 15 15 15 15 15 6 17 15 19 17 6
11 3 1 6 6 11 11 11 11 11 0 18 15 15 18 17 15 11 21 21 18 23 21 25 21 25 25 27 11
2 5 4 5 19 5 8 19 10 12 12 19 12 15 13 17 19 19 0 21 19 26 24 26 26 19 29 29 26 19
14 3 1 6 6 14 10 10 10 6 12 10 14 0 14 18 18 15 14
2 7 7 7 7 7 13 9 7 13 13 13 16 13 16 0 19 19 16 24 24 24 24 19 26 24 58 30 30 58 32 30 32 33 33 33 33 33 33 33 46 32 45 45 58 45 53 53 53 52 52 53 58 53 56 58 58 24
2 6 2 2 6 0 8 10 10 15 15 15 15 15 6 17 15 19 17 6
11 3 1 6 6 11 11 11 11 11 0 18 15 15 18 17 15 11 21 21 18 23 21 25 21 25 25 27 11
2 5 4 5 19 5 8 19 10 12 12 19 12 15 13 17 19 19 0 21 19 26 24 26 26 19 29 29 26 19
14 3 1 6 6 14 10 10 10 6 12 10 14 0 14 18 18 15 14
2 7 7 7 7 7 13 9 7 13 13 13 62 13 16 13 19 19 16 24 24 24 24 19 26 24 28 30 30 24 32 30 32 33 33 33 33 33 33 33 46 33 42 45 43 45 53 53 53 52 53 53 62 53 56 58 58 62 62 62 62 0 64 62 67 67 70 70 70 62
2 6 2 2 6 0 8 10 10 15 15 15 15 15 6 17 15 19 17 6
11 3 1 6 6 11 11 11 11 11 0 18 15 15 18 17 15 11 21 21 18 23 21 25 21 25 25 27 11
2 5 4 5 19 5 8 19 10 12 12 19 12 15 13 17 19 19 0 21 19 26 24 26 26 19 29 29 26 19
14 3 1 6 6 14 10 10 10 6 12 10 14 0 14 18 18 15 14
2 7 7 7 7 7 13 9 7 13 13 13 16 13 16 62 19 19 16 24 24 24 24 19 26 24 28 30 30 24 32 30 32 33 33 33 33 33 33 33 46 33 42 45 43 45 53 53 53 52 52 53 62 62 56 58 58 62 62 62 62 0 64 62 67 67 69 69 62 69
2 6 2 2 6 0 8 10 10 15 15 15 15 15 6 17 15 19 17 6
11 3 1 6 6 11 11 11 11 11 0 18 15 15 18 17 15 11 21 21 18 23 21 25 21 25 25 27 11
2 5 4 5 19 5 8 19 10 12 12 19 12 15 13 17 19 19 0 21 19 26 24 26 26 19 29 29 26 19
14 3 1 6 6 14 10 10 10 6 12 10 14 0 14 18 18 15 14
2 7 7 7 7 7 13 9 7 13 13 13 16 13 16 62 19 19 16 24 24 24 24 19 26 24 28 30 30 24 32 30 32 33 33 33 33 33 33 33 46 33 42 45 43 45 53 53 53 51 53 53 62 53 56 58 58 62 62 62 62 0 64 62 67 67 62 67 68 68 72 68 72
2 6 2 2 6 0 8 10 10 15 15 15 15 15 6 17 15 19 17 6
11 3 1 6 6 11 11 11 11 11 0 18 15 15 18 17 15 11 21 21 18 23 21 25 21 25 25 27 11
2 5 4 5 19 5 8 19 10 12 12 19 12 15 13 17 19 19 0 21 19 26 24 26 26 19 29 29 26 19
14 3 1 6 6 14 10 10 10 6 12 10 14 0 14 18 18 15 14
2 7 7 7 7 7 13 9 7 13 13 13 16 13 16 62 19 19 16 24 24 24 24 19 26 24 28 30 30 24 32 30 32 33 33 33 33 33 33 33 46 33 42 45 43 45 53 53 53 51 53 53 62 53 56 58 58 62 62 62 62 0 64 62 67 67 62 67 68 68 72 68 72
2 6 2 2 6 0 8 10 10 15 15 15 15 15 6 17 15 19 17 6
11 3 1 6 6 11 11 11 11 11 0 18 15 15 18 17 15 11 21 21 18 23 21 25 21 25 25 27 11
2 5 4 5 19 5 8 19 10 12 12 19 12 15 13 17 19 19 0 21 19 26 24 26 26 19 29 29 26 19
14 3 1 6 6 14 10 10 10 6 12 10 14 0 14 18 18 15 14
2 7 7 7 7 7 13 9 7 13 13 13 0 13 16 13 19 19 16 24 24 24 24 19 26 24 28 30 30 24 32 30 32 33 33 33 33 33 33 33 45 33 42 45 43 45 53 53 53 51 53 53 58 58 56 58 58 60 62 62 62 16 64 62 67 67 71 71 71 71 80 80 77 77 77 77 80 80 80 62
0
2 6 2 2 6 0 8 10 10 15 15 15 15 15 6 17 15 19 17 6
11 3 1 6 6 11 11 11 11 11 0 18 15 15 18 17 15 11 21 21 18 23 21 25 21 25 25 27 11
2 5 4 5 17 5 8 10 10 17 10 13 11 15 17 17 0 19 17 24 22 24 24 17 27 27 24 17
14 3 1 6 6 14 10 10 10 6 12 10 14 0 14 18 18 15 14
2 7 7 7 7 7 13 9 7 13 13 13 0 13 16 13 19 19 16 24 24 24 24 19 26 24 28 30 30 24 32 30 32 33 33 33 33 33 33 33 45 33 42 45 43 45 53 53 53 51 53 53 58 58 56 58 58 60 62 62 62 16 64 62 67 67 71 71 71 71 80 80 77 77 77 77 80 80 80 62
0
2 6 2 2 6 0 8 10 10 15 15 15 15 15 6 17 15 19 17 6
11 3 1 6 6 11 11 11 11 11 0 18 15 15 18 17 15 11 21 21 18 23 21 25 21 25 25 27 11
2 5 4 5 18 5 9 9 11 11 18 11 14 12 16 18 18 0 20 18 25 23 25 25 18 28 28 25 18
14 3 1 6 6 14 10 10 10 6 12 10 14 0 14 18 18 15 14
2 7 7 7 7 7 13 9 7 13 13 13 0 13 16 13 19 19 16 24 24 24 24 19 26 24 28 30 30 24 32 30 32 33 33 33 33 33 33 33 45 33 42 45 43 45 53 53 53 51 53 53 58 58 56 58 58 60 62 62 62 16 64 62 67 67 71 71 71 71 80 80 77 77 77 77 80 80 80 62
0
2 6 2 2 6 0 8 10 10 15 15 15 15 15 6 17 15 19 17 6
11 3 1 6 6 11 11 11 11 11 0 18 15 15 18 17 15 11 21 21 18 23 21 25 21 25 25 27 11
2 5 4 5 18 5 9 9 11 11 18 11 14 12 16 18 18 0 20 18 25 23 25 25 18 28 28 25 18
14 3 1 6 6 14 10 10 10 6 12 10 14 0 14 18 18 15 14
2 7 7 7 7 7 13 9 7 13 13 13 0 15 13 18 18 15 23 23 23 23 18 25 23 41 29 29 41 31 29 31 32 32 32 32 32 32 32 41 23 41 44 41 44 52 52 52 51 51 52 57 57 55 57 57 59 61 61 61 15 63 61 66 66 70 70 70 70 79 70 79 79 76 76 79 79 79 61 79
2 6 2 2 6 0 8 10 10 15 15 15 15 15 6 17 15 19 17 6
11 3 1 6 6 11 11 11 11 11 0 18 15 15 18 17 15 11 21 21 18 23 21 25 21 25 25 27 11
2 5 4 5 18 5 9 9 11 11 18 11 14 12 16 18 18 0 20 18 25 23 25 25 18 28 28 25 18
14 3 1 6 6 14 10 10 10 6 12 10 14 0 14 18 18 15 14
2 7 7 7 7 7 13 9 7 13 13 13 0 13 16 13 19 19 16 24 24 24 24 19 26 24 28 30 30 24 32 30 32 33 33 33 33 33 33 33 45 33 42 45 43 45 53 53 53 51 53 53 58 58 56 58 58 60 62 62 62 16 64 62 67 67 71 71 71 71 80 80 77 77 77 77 80 80 80 62
0
