0
0
0
0
0
0
0
0
0 1 1
0 1 1 1 1
0 1 1 1 4
0 1 5 5 1 5
3 3 0 9 9 9 9 9 3 11 9 11 14 8 3
0
0 1 5 5 1 5
3 3 0 9 9 9 9 9 3 11 9 11 14 8 3
0 1 5 5 1 5
3 3 0 9 9 9 9 9 3 11 9 11 14 8 3
0
0 1 5 5 1 5
3 3 0 9 9 9 9 9 3 11 9 11 14 8
0 1 5 5 1 5
3 3 0 9 9 9 9 9 3 11 9 11 14 17 17 17 3 19 20 17 20
0 1 5 5 1 5
3 3 0 9 9 9 9 9 3 11 9 11 14 17 17 17 3 19 20 17 20
0 1 5 5 1 5
3 3 0 9 9 9 9 9 3 11 9 11 14 17 17 17 3 20 20 17 20
0 1 5 5 1 5
3 3 0 9 9 9 9 9 3 11 9 11 14 17 17 17 3 19 20 17 20
0 1 5 5 1 5
3 3 17 9 9 9 9 9 3 11 9 11 14 17 17 17 0 20 20 17 22 17
0 1 5 5 1 5
3 3 0 9 9 9 9 9 3 11 9 11 14 17 17 17 3 19 17 19 17
0 1 5 5 1 5
3 3 0 9 9 9 9 9 3 11 9 11 14 17 17 17 3 19 17 19 22 20 24 22 24
0 1 5 5 1 5
3 3 0 9 9 9 9 9 3 11 9 11 14 8 16 3 19 19 16 21 19 23 21 23
0 1 5 5 1 5
3 3 0 9 9 9 9 9 3 11 9 11 14 8 3
2 0 5 5 2 7 5 9 7 9
0 1 5 5 1 5
3 3 0 9 9 9 9 9 3 11 9 11 14 8 3
2 0 5 5 2 7 5 9 7 9 13 13 2
0 1 5 5 1 5
3 3 0 9 9 9 9 9 3 11 9 11 14 8 3
2 0 5 5 2 7 5 9 7 9 2 2
0 1 5 5 1 5
3 3 0 9 9 9 9 9 3 11 9 11 14 8 3
2 0 5 5 2 7 5 9 7 9 13 13 2
0 1 5 5 1 5
3 3 0 9 9 9 9 9 3 11 9 11 14 8 3
2 0 5 5 2 7 5 9 7 9 13 13 2
0 1 5 5 1 5
3 3 0 9 9 9 9 9 3 11 9 11 14 8 3
2 0 5 5 2 7 5 9 7 9 14 14 14 2
0 1 5 5 1 5
3 3 0 9 9 9 9 9 3 11 9 11 14 8 3
2 0 5 5 2 7 5 9 7 9 13 13 2 13 13 2
0 1 5 5 1 5
3 3 0 9 9 9 9 9 3 11 9 11 14 8 3
2 0 5 5 2 7 5 9 7 9 13 13 2 13 13
0 1 5 5 1 5
3 3 0 9 9 9 9 9 3 11 9 11 14 8 3
2 0 5 5 2 7 5 9 7 9 16 16 16 16 16 2 2
2 0
0 1 5 5 1 5 1
2 0 5 5 2 7 5 9 7 9 16 16 16 16 16 2 2
2 0
0 1 1 1 1 1 1
2 0 5 5 2 7 5 9 7 9 16 16 16 16 16 2 2
2 0
0 1 5 5 1 5 1
2 0 5 5 2 7 5 9 7 9 16 16 16 16 16 2 2
2 0
0 1 5 5 1 7 1 1
2 0 5 5 2 7 5 9 7 9 16 16 16 16 16 2 2
2 0
0 1 5 5 1 7 1 1
2 0 5 5 2 7 5 9 7 9 16 16 16 16 16 2 2
2 0
0 1 5 5 1 7 1 1
2 0 5 5 2 7 5 9 7 9 16 16 16 16 16 2 2
2 0 6 6 6 2 2
0 1 5 5 1 5 1
2 0 5 5 2 7 5 9 7 9 16 16 16 16 16 2 2
2 0 6 6 6 2 2
0 1 5 5 1 5 1
2 0 5 5 2 7 5 9 7 9 16 16 16 16 16 2 2
2 0 6 6 6 2 2
0
0 1 5 5 1 5 1
2 0 5 5 2 7 5 9 7 9 16 16 16 16 16 2 2
2 0 6 6 6 2 2
0
0 1 5 5 1 5 1
2 0 5 5 2 7 5 9 7 9 16 16 16 16 16 2 2
2 0 6 6 6 2
0 1 5 5 1 5 1
2 0 5 5 2 7 5 9 7 9 16 16 16 16 16 2 2
2 0 6 6 6 2 2
0 1 5 5 1 5 1
2 0 5 5 2 7 5 9 7 9 16 16 16 16 16 2 2
2 0 6 6 6 2 11 11 11 11 2 2
