2 0
0
0
2 0 5 5 2 5 6 9 2
2 0 5 5 2 2 2
2 0 5 5 2 5 2 10 10 2 12 10 15 15
2 0 5 5 2 5 2 10 10 2 12 10 10
2 0 5 5 2 5 2 10 10 2 12 10 14
2 0 5 5 2 5 2 10 10 2 12 10 10
2 0 5 5 2 5 2 17 10 17 12 10 16 13 16 10 2 17 20 18 22 20 24 22 27 27 22 29 27 31 27
2 0 5 5 2 5 2 17 10 17 12 10 16 13 16 10 2 17 20 18 22 20 24 22 27 27 20 29 27 31
2 0 5 5 2 5 2 17 10 17 12 10 16 13 16 10 2 17 20 18 22 20 24 22 27 27 22 29 27 31 17 31 32 35
2 0 5 5 2 5 2 17 10 17 12 10 16 13 16 10 2 17 20 18 22 20 24 22 27 27 22 29 27 31 17 31 32 35
2 0 5 5 2 5 2 17 10 17 12 10 16 13 16 10 2 17 20 18 22 20 24 22 27 27 22 29 27 31 17 31 32 35 33 37 35 39 42 42 42 33 42 45 43 45 48 42 50
2 0 5 5 2 5 2 17 10 17 12 10 16 13 16 10 2 17 20 18 22 20 24 22 27 27 22 29 27 31 17 31 32 35 33 39 39 39 42 42 42 33 42 45 43 45 48 42 50
2 0 5 5 2 5 2 17 10 17 12 10 16 13 16 10 2 17 20 18 22 20 24 22 27 27 22 29 27 31 17 31 32 35 33 39 39 39 42 42 42 33 42 45 43 45 48 42 51 51 48 51 55 55
2 0 5 5 2 5 5 17 10 17 12 10 16 13 16 10 2 17 20 18 22 20 24 22 27 27 22 29 27 31 17 31 32 35 33 39 39 39 42 42 42 33 42 45 43 45 48 42 51 51 48 51 55 55
2 0 5 5 2 5 2 17 10 17 12 10 16 13 16 10 2 17 20 18 22 20 24 22 27 27 22 29 27 31 17 31 32 35 33 37 33 39 37 42 42 31 46 45 43 42 48 42 51 51 48 51 55 55
2 0 5 5 2 5 2 17 10 17 12 10 16 13 16 10 2 17 20 18 22 20 24 22 27 27 22 29 27 31 17 31 32 35 33 37 33 39 37 42 42 31 46 45 43 42 48 42 51 51 48 51 54 51
2 0 5 5 2 5 2 17 10 17 12 10 16 13 16 10 2 17 20 18 22 20 24 22 27 27 22 29 27 31 17 31 32 35 33 37 35 39 42 42 42 33 42 45 43 45 48 42 51 51 48 56 56 56 56 42 56 57
2 0 5 5 2 5 2 17 10 17 12 10 16 13 16 10 2 17 20 18 22 20 24 22 27 27 22 29 27 31 17 31 32 35 33 37 35 39 42 42 42 33 44 42 44 44 48 42 51 51 48 51 56 56 56 48 56 57
2 0 5 5 2 5 2 17 10 17 12 10 16 13 16 10 2 17 20 18 22 20 24 22 27 27 22 29 27 31 17 31 32 35 33 39 39 39 42 42 42 33 42 45 43 45 48 42 51 51 48 51 56 56 56 48 59 59 56 59
2 0 5 5 2 5 2 17 10 17 12 10 16 13 16 10 2 17 20 18 22 20 24 22 27 27 22 29 27 31 17 31 32 35 33 39 39 39 42 42 42 33 42 45 43 45 48 42 51 51 48 56 56 56 56 48 59 59 56 61
2 0 5 5 2 5 2 17 10 17 12 10 16 13 16 10 2 17 20 18 22 20 24 22 27 27 22 29 27 31 17 31 32 35 33 37 33 39 37 42 42 32 46 45 43 42 48 42 51 51 48 51 56 56 56 42 59 59 56 61 59 63
2 0 5 5 2 5 2 17 10 17 12 10 16 13 16 10 2 17 20 18 22 20 24 22 27 27 22 29 27 31 17 31 32 35 33 37 33 39 37 42 42 32 46 45 43 42 48 42 51 51 48 51 56 56 56 42 59 59 56 61 59 63
2 0 5 5 2 5 2 17 10 17 12 10 16 13 16 10 2 17 20 18 22 20 24 22 27 27 22 29 27 31 17 31 32 35 33 37 33 39 37 42 42 32 46 45 43 42 48 42 51 51 48 51 56 56 56 42 59 59 56 61 59 63
2 0 5 5 2 5 2 17 10 17 12 10 16 13 16 10 2 17 20 18 22 20 24 22 27 27 22 29 27 31 17 31 32 35 33 37 33 39 37 42 42 31 46 45 43 42 48 42 51 51 48 51 56 56 56 42 59 59 56 61 56 61
2 0 5 5 2 5 2 17 10 17 12 10 16 13 16 10 2 17 20 18 22 20 24 22 27 27 22 29 27 31 17 31 32 35 33 37 33 39 37 42 42 31 46 45 43 42 48 42 51 51 48 51 56 56 56 42 59 59 56 61 56 61
2 0 5 5 2 5 2 17 10 17 12 10 16 13 16 10 2 17 20 18 22 20 24 22 27 27 22 29 27 31 17 31 32 35 33 37 33 39 37 42 42 32 46 45 43 42 48 42 51 51 48 51 56 56 56 42 59 59 56 61
2 0 5 5 2 5 2 17 10 17 12 10 16 13 16 10 2 17 20 18 22 20 24 22 27 27 22 29 27 31 17 31 32 35 33 37 33 39 37 42 42 32 46 45 43 42 48 42 51 51 48 51 56 56 56 48 61 59 61 61 56 63 61 61 64
2 0 5 5 2 5 2 17 10 17 12 10 16 13 16 10 2 17 20 18 22 20 24 22 27 27 22 29 27 31 17 31 32 35 33 37 33 39 37 42 42 32 46 45 43 42 48 42 51 51 48 51 56 56 56 42 61 59 61 61 56 63 61 65 61
2 0 5 5 2 5 2 17 10 17 12 10 16 13 16 10 2 17 20 18 22 20 24 22 27 27 22 29 27 31 17 31 32 35 33 37 33 39 37 42 42 32 46 45 43 42 48 42 51 51 48 51 56 56 56 42 61 59 61 61 56 63 61 66 66 63 68 66
2 0 5 5 2 5 2 17 10 17 12 10 16 13 16 10 2 17 20 18 22 20 24 22 27 27 22 29 27 31 17 31 32 35 33 37 33 39 37 42 42 32 46 45 43 42 48 42 51 51 48 51 56 56 56 48 61 59 61 61 56 63 61 66 66 63 68
2 0 5 5 2 7 2 17 10 17 12 10 16 13 16 10 2 17 20 18 22 20 24 22 27 27 22 29 27 31 17 31 32 35 33 37 33 39 37 42 42 31 46 45 43 42 48 42 51 51 48 51 56 56 56 48 61 59 61 61 56 63 61 66 66 63 68 66
2 0 5 5 2 5 2 17 10 17 12 10 16 13 16 10 2 17 20 18 22 20 24 22 27 27 22 29 27 31 17 31 32 35 33 37 33 39 37 42 42 32 46 45 43 42 48 42 51 51 48 51 56 56 56 48 61 59 61 61 56 63 61 66 66 63 68
2 0 5 5 2 5 2 17 10 17 12 10 16 13 16 10 2 17 20 18 22 20 24 22 27 27 22 29 27 31 17 31 32 35 33 37 33 39 37 42 42 32 46 45 43 42 48 42 51 51 48 51 56 56 56 48 61 59 61 61 56 63 61 66 66 63 68 63
2 0 5 5 2 5 2 17 10 17 12 10 16 13 16 10 2 17 20 18 22 20 24 22 27 27 22 29 27 31 17 31 32 35 33 37 33 39 37 42 42 32 46 45 43 42 48 42 51 51 48 51 56 56 56 48 61 59 61 61 56 63 61 66 66 63 68
2 0 5 5 2 5 2 17 10 17 12 10 16 13 16 10 2 17 20 18 22 20 24 22 27 27 22 29 27 31 17 31 32 35 33 37 33 39 37 42 42 32 46 45 43 42 48 42 51 51 48 51 56 56 56 48 61 59 56 61 56 63 61 66 66 63 68 63 68 69 68 71 74
2 0 5 5 2 5 2 17 10 17 12 10 16 13 16 10 2 17 20 18 22 20 24 22 27 27 22 29 27 31 17 31 32 35 33 37 33 39 37 42 42 32 46 45 43 42 48 42 51 51 48 51 56 56 56 48 61 59 56 61 56 63 61 66 66 63 68 63 68 69 69 71 74
2 0 5 5 2 5 2 17 10 17 12 10 16 13 16 10 2 17 20 18 22 20 24 22 27 27 22 29 27 31 17 31 32 35 33 37 33 39 37 42 42 32 46 45 43 42 48 42 51 51 48 51 56 56 56 48 61 59 56 61 56 63 61 66 66 63 68 63 70 71 75 71 75 75 68
2 0 5 5 2 5 2 17 10 17 12 10 16 13 16 10 2 17 20 18 22 20 24 22 27 27 22 29 27 31 17 31 32 35 33 37 33 39 37 42 42 32 46 45 43 42 48 42 51 51 48 51 56 56 56 48 61 59 56 61 56 63 61 66 66 63 68 63 68 69 68 71 74 71 74
2 0 5 5 2 5 2 17 10 17 12 10 16 13 16 10 2 17 20 18 22 20 24 22 27 27 22 29 27 31 17 31 32 35 33 37 33 39 37 42 42 32 46 45 43 42 48 42 51 51 48 51 56 56 56 48 61 59 56 61 56 63 61 66 66 63 68 63 66 69 76 71 76 76 76 68 76 82 82 82 82
2 0 5 5 2 5 2 17 10 17 12 10 16 13 16 10 2 17 20 18 22 20 24 22 27 27 22 29 27 31 17 31 32 35 33 37 33 39 37 42 42 32 46 45 43 42 48 42 51 51 48 51 56 56 56 48 61 59 56 61 56 63 61 66 66 63 68 63 66 69 76 71 76 76 76 68 76 82 82 82 82
2 0 5 5 2 5 2 17 10 17 12 10 16 13 16 10 2 17 20 18 22 20 24 22 27 27 22 29 27 31 17 31 32 35 33 37 33 39 37 42 42 32 46 45 43 42 48 42 51 51 48 51 56 56 56 48 61 59 61 61 56 63 61 66 66 63 68 63 68 69 76 71 76 76 76 68 76 84 84 82 82 84 84 76 86 76 86 89
2 0 5 5 2 5 2 17 10 17 12 10 16 13 16 10 2 17 20 18 22 20 24 22 27 27 22 29 27 31 17 31 32 35 33 37 33 39 37 42 42 32 46 45 43 42 48 42 51 51 48 51 56 56 56 48 61 59 61 61 56 63 61 66 66 63 68 63 68 69 76 71 76 76 76 68 76 84 84 82 82 84 84 76 86 76 86 89
2 0 5 5 2 5 2 17 10 17 12 10 16 13 16 10 2 17 20 18 22 20 24 22 27 27 22 29 27 31 17 31 32 35 33 37 33 39 37 42 42 32 46 45 43 42 48 42 51 51 48 51 56 56 56 48 61 59 61 61 56 63 61 66 66 63 68 63 68 69 76 71 76 76 76 68 76 84 84 82 82 84 84 76 86 76 86 89 87
2 0 5 5 2 5 2 17 10 17 12 10 16 13 16 10 2 17 20 18 22 20 24 22 27 27 22 29 27 31 17 31 32 35 33 37 33 39 37 42 42 31 42 45
2 0 4 2 7 7 4 7 12 12 12 4 17 15 17 17 12 19 17 22 22 19 24 19 24 25 32 27 32 32 32 24 32 42 40 38 38 40 40 32 42 32 42 45 43 2
2 0 5 5 2 7 2 17 10 17 12 10 16 13 16 10 2 17 20 18 22 20 24 22 27 27 22 29 27 31 17 31 32 35 33 37 33 39 37 42 42 32 45 45 42 45 48 42 51 51 48 51 56 56 56 48 61 59 61 61 56 63 61 66 66 63 68 63 68 69 76 71 76 76 76 68 76 84 84 82 82 84 84 76 86 76 86 89 87
2 0 5 5 2 5 2 17 10 17 12 10 16 13 16 10 2 17 20 18 22 20 24 22 27 27 22 29 27 31 17 31 32 35 33 37 33 39 37 42 42 32 45 45 42 45 48 42 51 51 48 51 56 56 56 48 61 59 61 61 56 63 61 66 66 63 68 63 68 69 76 71 76 76 76 68 76 84 84 82 82 84 84 76 86 76 86 89 87
2 0 5 5 2 5 2 17 10 17 12 10 16 13 16 10 2 17 20 18 22 20 24 22 27 27 22 29 27 31 17 31 32 35 33 37 33 39 37 42 42 32 45 45 42 45 48 42 51 51 48 51 56 56 56 48 61 59 61 61 56 63 61 66 66 63 68 63 63 69 77 71 77 75 77 77 68 77 85 85 83 83 85 85 77 87 77 87 90 88
2 0 5 5 2 7 2 17 10 17 12 10 16 13 16 10 2 17 20 18 22 20 24 22 27 27 22 29 27 31 17 31 32 35 33 37 33 39 37 42 42 32 45 45 42 45 48 42 51 51 48 51 56 56 56 48 61 59 61 61 56 63 61 66 66 63 68 63 63 69 77 71 77 75 77 77 68 77 85 85 83 83 85 85 77 87 77 87 91 91 88
2 17 5 5 2 7 2 17 10 17 12 10 16 13 16 10 0 17 20 18 22 20 24 22 27 27 22 29 27 31 17 31 32 35 33 38 38 33 41 41 31 44 44 41 44 47 41 50 50 47 50 55 55 55 47 60 58 60 60 55 62 60 65 65 62 67 62 62 68 76 70 76 74 76 76 67 76 84 84 82 82 84 84 76 86 76 86 90 90 87
2 17 5 5 2 7 2 17 10 17 12 10 16 13 16 10 0 17 20 18 22 20 24 22 27 27 22 29 27 31 17 31 32 35 33 38 38 33 41 41 31 44 44 41 44 47 41 50 50 47 50 55 55 55 47 60 58 60 60 55 62 60 65 65 62 67 62 62 68 76 70 76 74 76 76 67 76 84 84 82 82 84 84 76 86 76 86 90 90 87
2 0 5 5 2 7 2 11 10 11 2 16 12 15 16 2 16 19 17 21 19 23 21 26 26 21 28 26 30 16 30 31 34 32 37 37 32 40 40 30 43 43 40 43 46 40 49 49 46 49 54 54 54 46 59 57 59 59 54 61 59 64 64 61 66 61 61 67 75 69 75 73 75 75 66 75 83 83 81 81 83 83 75 85 75 85 89 89 86
2 18 5 5 2 7 2 18 10 18 13 13 10 17 14 17 10 0 18 21 19 23 21 25 23 28 28 23 30 28 32 18 32 33 36 34 39 39 34 42 42 32 45 45 42 45 48 42 51 51 48 51 56 56 56 48 61 59 61 61 56 63 61 66 66 63 68 63 63 69 77 71 77 75 77 77 68 77 85 85 83 83 85 85 77 87 77 87 91 91
