2 0 2
2 0 2
2 0 2
2 0 2
2 0 2 6 6
2 0 4 2 4
2 4 4 0 4 4
2 0 4 2 4
2 6 4 2 6 0 6
2 7 4 7 7 7 0
2 7 4 7 7 7 0 7
2 7 4 7 7 7 0
2 7 4 7 7 7 0 9 7
2 5 5 5 0 7 5
2 5 5 5 0 7 5 7
2 5 5 5 0 7 5
2 5 5 5 0 7 5 7 8
2 5 5 5 0 7 5 9 7
2 5 5 5 0 7 5 12 10 12 12 7 14 12 16 14
2 5 5 5 0 7 5 12 10 12 12 7 14 12 16 14
2 5 5 5 0 7 5 12 10 12 12 7 14 12 16 14
2 5 5 5 0 7 5 12 10 12 12 7 14 12 14
2 5 5 5 0 7 5 12 10 12 12 7 14 12 16 14
2 5 5 5 0 7 5 12 10 12 12 7 14 12 16 14 18 5
2 5 5 5 0 7 5 12 10 12 12 7 14 12 16 14 5
2 5 5 5 0 7 5 12 10 12 12 7 14 12 16 14 19 19 16
2 5 5 5 0 7 5 12 10 12 12 7 14 12 16 14 19 19 16
2 5 5 5 0 7 5 12 10 12 12 7 14 12 16 14 19 19 16
2 5 5 5 0 7 5 12 10 12 12 7 14 12 16 14 19 19 16
2 5 5 5 0 7 5 12 10 12 12 7 14 12 16 14 19 19 16
2 5 5 5 0 7 5 12 10 12 12 7 14 12 16 14 19 19 16
2 5 5 5 0 7 5 13 11 11 13 13 7 15 13 17 15 20 20 17 23 23 17 26 26 23
2 5 5 5 0 7 5 13 11 11 13 13 7 15 13 17 15 20 20 17 23 23 17 26 26
2 5 5 5 0 7 5 13 11 11 13 13 7 15 13 17 15 20 20 17 23 23 17 26 26 23 29 29 23 31 13 31
2 5 5 5 0 7 5 12 10 12 12 7 14 12 16 14 19 19 16 22 22 31 25 25 22 28 28 31 31 31 12 31
2 5 5 5 0 7 5 13 11 11 13 13 7 15 13 17 15 20 20 17 23 23 17 26 26 23 29 29 23 33 33 33
2 5 5 5 0 7 5 13 11 11 13 13 7 15 13 17 15 20 20 17 23 23 20 26 26 23 29 29 33 33 33 33
2 5 5 5 0 7 5 13 11 11 13 13 7 15 13 17 15 20 20 17 23 23 17 26 26 23 29 29 23 33 33 33
2 5 5 5 0 7 5 12 10 12 12 7 14 12 16 14 19 19 16 22 22 16 25 25 22 28 28 31 31 31 12 5
2 5 5 5 0 7 5 13 11 11 13 13 7 15 13 17 15 20 20 17 23 23 33 26 26 23 29 29 33 33 33 33 13
2 5 5 5 0 7 5 13 11 11 13 13 7 15 13 17 15 20 20 17 23 23 33 26 26 23 29 29 33 33 33 33 13
2 5 5 5 0 7 5 13 11 11 13 13 7 15 13 17 15 20 20 23 23 23 33 26 26 23 29 29 33 33 33 33 13 36 36 33
2 5 5 5 0 7 5 13 11 11 13 13 7 15 13 17 15 20 20 17 20 23 20 26 26 23 29 29 33 33 33 33 13 36 36 33
2 5 5 5 0 7 5 13 11 11 13 13 7 15 13 17 15 33 20 23 23 23 33 26 26 23 29 29 33 33 33 33 13 36 36 33 39 39
2 5 5 5 0 7 5 13 11 11 13 13 7 15 13 17 15 20 20 23 23 23 33 26 26 23 29 29 33 33 33 33 13 36 36 33 39 39
