0
0 4 4 1 1
0
2 0
0
2 6 6 6 6 0
2 6 6 6 6 0
2 6 6 6 6 0
2 0 2 5 2
2 0 4 2 6 4
2 0 2 5 3
2 5 5 5 0 5 5
2 7 7 7 7 7 0 7 7
2 5 9 9 0 7 9 9 5
2 7 7 7 0 7 5 7 7
2 5 9 9 0 7 9 9 5
2 5 5 5 0 5 5 9 5 13 13 13 9 13 19 14 18 19 9 19 23 23 20
2 5 5 5 0 5 5 9 5 13 13 13 9 13 19 14 18 19 9 19 22 20
2 5 5 5 0 5 5 9 5 13 13 13 9 13 19 19 18 19 9 19 23 23 20 25 23
2 5 5 5 0 5 5 9 5 13 13 13 9 13 19 19 18 19 9 19 23 23 20 25 23
2 5 5 5 0 5 5 9 5 13 13 13 9 13 19 14 18 19 9 19 23 23 20 25 19 27 25 27
2 5 5 5 0 5 5 9 5 13 13 13 9 13 19 14 18 19 9 19 23 23 20 25 5 27 25 27
2 5 5 5 0 5 5 9 5 13 13 13 9 13 19 14 18 19 9 19 23 23 20 25 5 27 25 27
2 5 5 5 0 5 5 9 5 13 13 13 9 13 19 14 18 19 9 19 23 23 20 25 19 27 25
2 5 5 5 0 5 5 9 5 13 13 13 9 13 19 14 18 19 9 19 23 23 20 25 5 28 28 25 28
2 5 5 5 0 5 5 9 5 13 13 13 9 13 19 14 18 19 9 19 23 23 20 25 5 28 28 25 28
2 5 5 5 0 5 5 9 5 13 13 13 9 13 19 14 18 19 9 19 23 23 20 25 5 28 28 25 28
2 5 5 5 0 5 5 9 5 13 13 13 9 13 19 19 18 19 9 19 23 23 20 25 19
2 5 5 5 0 5 5 9 5 13 13 13 9 13 19 14 18 19 9 19 23 23 20 25 5 25 28 25
2 5 5 5 0 5 5 9 5 13 13 13 9 13 19 14 18 19 9 19 23 23 20 25 5 25 28 25
2 5 5 5 0 5 5 9 5 13 13 13 9 13 19 14 18 19 9 19 23 23 20 25 19 25 28 25
2 5 5 5 0 5 5 9 5 11 9 11 14 12 16 17 9 17 21 21 18 23 17 23 26 23
2 5 5 5 0 5 5 9 5 11 9 11 17 17 16 17 9 17 21 21 18 23 17 23 23 23 26
2 5 5 5 0 5 5 9 5 11 9 11 14 12 16 17 9 17 21 21 18 23 5 23 26 23
2 5 5 5 0 5 5 9 5 11 9 11 14 12 16 17 9 17 21 21 18 23 17 23 23 23 26
2 5 5 5 0 5 5 9 5 11 9 11 14 12 16 17 9 17 21 21 18 23 17 23 26 23
2 5 5 5 0 5 5 9 5 11 9 11 14 12 16 17 9 17 21 21 18 23 17 23 26 23 28 26 28
2 5 5 5 0 5 5 9 5 11 9 11 14 12 16 17 9 17 21 21 18 23 17 23 26 23 28 26 28
2 5 2 5 0 5 5 9 5 11 9 11 14 12 16 17 9 17 21 21 18 23 17 23 26 23 30 30 30 5 32 30 35 35 32 38 38
2 5 2 5 0 5 5 9 5 11 9 11 14 12 16 17 9 17 21 21 18 23 17 23 26 23 30 30 30 5 32 30 35 35 32 5
2 5 2 5 0 5 5 9 5 11 9 11 14 12 16 17 9 17 21 21 18 23 17 23 26 23 30 30 30 5 32 30 35 35 32 35 36
2 5 2 5 0 5 5 9 5 11 9 11 14 12 16 17 9 17 21 21 18 23 17 23 26 23 30 30 30 5 32 30 35 35 32 37 35
2 5 2 5 0 5 5 9 5 11 9 11 14 12 16 17 9 17 21 21 18 23 17 23 26 23 30 30 30 5 32 30 35 35 32 37 35
2 5 2 5 0 5 5 9 5 11 9 11 14 12 16 17 9 17 21 21 18 23 17 23 26 23 30 30 30 5 32 30 35 35 32 37 35
2 5 2 5 0 5 5 9 5 11 9 11 14 12 16 17 9 17 21 21 18 23 17 23 26 23 30 30 30 23 32 30 35 35 32 39 39 39 35
2 5 2 5 0 5 5 9 5 11 9 11 14 12 16 17 9 17 21 21 18 23 17 23 26 23 30 30 30 5 32 30 35 35 32 39 39 39 35
2 5 5 5 0 5 5 9 5 11 9 11 14 12 16 17 9 17 21 21 18 23 5 23 26 23 30 30 30 5 32 30 35 35 32 40 40 40 40 35 42 40
2 5 2 5 0 5 5 9 5 11 9 11 14 12 16 17 9 17 21 21 18 23 17 23 26 23 30 30 30 23 32 30 35 35 32 5
5 5 5 5 0 7 5
2 5 5 5 0 5 5 9 5 11 9 11 14 12 16 17 9 17 21 21 18 23 5 23 26 23 30 30 30 5 32 30 35 35 32 40 40 40 40 35 42 40
2 5 2 5 0 5 5 9 5 11 9 11 14 12 16 17 9 17 21 21 18 23 17 23 26 23 30 30 30 23 32 30 35 35 32 5 5 5 5
5 5 5 5 0 7 5
2 5 5 5 0 5 5 9 5 11 9 11 14 12 16 17 9 17 21 21 18 23 5 23 26 23 30 30 30 5 32 30 35 35 32 40 40 40 40 35 42 40
2 5 2 5 0 5 5 9 5 11 9 11 14 12 16 17 9 17 21 21 18 23 17 23 26 23 30 30 30 23 32 30 35 35 32 5
5 5 5 5 0 7 5
2 5 2 5 0 5 5 9 5 11 9 11 14 12 16 17 9 17 21 21 18 23 17 23 26 23 30 30 30 23 32 30 35 35 32 5
0 5 5 5 1 7 5
2 5 2 5 0 5 5 9 5 11 9 11 14 12 16 17 9 17 21 21 18 23 17 23 26 23 30 30 30 23 32 30 35 35 32 5
5 5 5 5 0 7 5
2 5 2 5 0 5 5 9 5 11 9 11 14 12 16 17 9 17 21 21 18 23 17 23 26 23 30 30 30 23 32 30 35 35 32 5
0 5 5 5 1 7 5
2 5 2 5 0 5 5 9 5 11 9 11 14 12 16 17 9 17 21 21 18 23 17 23 26 23 30 30 30 23 32 30 35 35 32 5
5 5 5 5 0 7 5
2 5 2 5 0 5 5 9 5 11 9 11 14 12 16 17 9 17 21 21 18 23 17 23 26 23 30 30 30 23 32 30 35 35 32 5
5 5 5 5 9 7 5 9 0 9
2 5 2 5 0 5 5 9 5 11 9 11 14 12 16 17 9 17 21 21 18 23 17 23 26 23 30 30 30 23 32 30 35 35 32 5
5 5 5 5 9 7 5 9 0 9
2 5 2 5 0 5 5 9 5 11 9 11 14 12 16 17 9 17 21 21 18 23 17 23 26 23 30 30 30 23 32 30 35 35 32 5
5 5 5 5 9 7 5 9 0 9 10 10 12 15 13 9
2 5 2 5 0 5 5 9 5 11 9 11 14 12 16 17 9 17 21 21 18 23 17 23 26 23 30 30 30 23 32 30 35 35 32 5
5 5 5 5 9 7 5 9 0 9 10 10 12 15 13
2 5 2 5 0 5 5 9 5 11 9 11 14 12 16 17 9 17 21 21 18 23 17 23 26 23 30 30 30 23 32 30 35 35 32 5
5 5 5 5 9 7 5 9 0 9 12 10 12 15 13
2 5 2 5 0 5 5 9 5 11 9 11 14 12 16 17 9 17 21 21 18 23 17 23 26 23 30 30 30 23 32 30 35 35 32 5
5 5 5 5 9 7 5 9 0 9 10 10 12 15 13 17 15
2 5 2 5 0 5 5 9 5 11 9 11 14 12 16 17 9 17 21 21 18 23 17 23 26 23 30 30 30 23 32 30 35 35 32 5
5 5 5 5 9 7 5 9 0 9 10 10 12 15 13 9
2 5 2 5 0 5 5 9 5 11 9 11 14 12 16 17 9 17 21 21 18 23 17 23 26 23 30 30 30 23 32 30 35 35 32 5
5 5 5 5 9 7 5 9 0 9 10 10 12 15 13 18 18 15
2 5 2 5 0 5 5 9 5 11 9 11 14 12 16 17 9 17 21 21 18 23 17 23 26 23 30 30 30 23 32 30 35 35 32 5
5 5 5 5 9 7 5 9 0 9 10 10 12 15 13 18 18 15
2 5 2 5 0 5 5 9 5 11 9 11 14 12 16 17 9 17 21 21 18 23 17 23 26 23 30 30 30 23 32 30 35 35 32 5
5 5 5 5 9 7 5 9 0 9 10 10 12 15 13 17 15 19 17
2 5 2 5 0 5 5 9 5 11 9 11 14 12 16 17 9 17 21 21 18 23 17 23 26 23 30 30 30 23 32 30 35 35 32 5
5 5 5 5 9 7 5 9 0 9 10 10 12 15 13 17 15 19 17
2 5 2 5 0 5 5 9 5 11 9 11 14 12 16 17 9 17 21 21 18 23 17 23 26 23 30 30 30 23 32 30 35 35 32 5
5 5 5 5 9 7 5 9 0 9 10 10 12 15 13 17 15 19 17 9
