2 5 5 5 0 5 6
2 5 5 5 0 5
2 5 5 5 0 5
2 5 5 5 0 5
2 5 5 5 0 7 5 9 7
2 5 5 5 0 7 5 9 7
2 5 5 5 0 7 5 9 7 9
2 5 5 5 0 7 5 9 7 9
2 5 5 5 0 5 5 10 10 7 12 10
2 5 5 5 0 5 5 10 10 7 12 10
2 5 5 5 0 5 5 10 10 7 12 10 14 10 5
0
2 5 5 5 0 5 5 10 10 7 12 10 14 10 5
0
2 5 5 5 0 5 5 10 10 7 12 10 14 10 5
2 7 7 7 7 7 0 10 10 7
2 5 5 5 0 5 5 10 10 7 12 10 14 10 5
2 7 7 7 7 7 0 10 10 7
2 5 5 5 0 5 5 10 10 7 12 10 14 10 5
2 7 2 7 7 7 0 14 11 11 7 14 14
2 5 5 5 0 5 5 10 10 7 12 10 14 10 5
2 7 2 7 7 7 0 7 11 11 7 14 14
2 5 5 5 0 5 5 10 10 7 12 10 14 10 5
2 7 7 7 7 7 0 7 10 7
2 5 5 5 0 5 5 10 10 7 12 10 14 10 5
2 7 7 7 7 7 0
2 5 5 5 0 5 5 10 10 7 12 10 14 10 5
2 7 7 7 7 7 0 9 7 11 9 9 12
2 5 5 5 0 5 5 10 10 7 12 10 14 10 5
4 4 4 0 6 4 8 6 6 9
2 5 5 5 0 5 5 10 10 7 12 10 14 10 5
3 3 0 5 3 7 5 5 8
2 5 5 5 0 5 5 10 10 7 12 10 14 10 5
4 4 4 0 6 4 8 6 6 9
2 5 5 5 0 5 5 10 10 7 12 10 14 10 5
4 4 4 0 6 4 8 6 6 9
2 5 5 5 0 5 5 10 10 7 12 10 14 10 5
4 4 4 0 6 4 8 6 15 9 12 15 15 15 4 4
4 4 4 0 6 4 6 6
2 5 5 5 0 5 5 10 10 7 12 10 14 10 5
4 4 4 0 6 4 8 6 15 9 12 15 15 15 4 4
4 4 4 0 6 4 8 4
2 5 5 5 0 5 5 10 10 7 12 10 14 10 5
4 4 4 0 6 4 8 6 15 9 12 15 15 15 4 4
9 4 4 9 6 4 9 9 0
2 5 5 5 0 5 5 10 10 7 12 10 14 10 5
4 4 4 0 6 4 8 6 15 9 12 15 15 15 4 4
9 4 4 9 6 4 9 9 0
2 5 5 5 0 5 5 10 10 7 12 10 14 10 5
4 4 4 0 6 4 8 6 15 9 12 15 15 15 4 4
10 4 4 10 6 4 10 10 10 0
2 5 5 5 0 5 5 10 10 7 12 10 14 10 5
4 4 4 0 6 4 8 6 15 9 12 15 15 15 4 4
4 4 4 8 6 4 8 0 8
2 5 5 5 0 5 5 10 10 7 12 10 14 10 5
4 4 4 0 6 4 8 6 15 9 12 15 15 15 4 4
10 4 4 10 6 4 10 10 10 0 10
2 5 5 5 0 5 5 10 10 7 12 10 14 10 5
4 4 4 0 6 4 8 6 15 9 12 15 15 15 4 4
10 4 4 10 6 4 10 10 10 0 10
2 5 5 5 0 5 5 10 10 7 12 10 14 10 5
4 4 4 0 6 4 8 6 15 9 12 15 15 15 4 4
10 4 4 10 6 4 10 10 10 0 10 11 11
2 5 5 5 0 5 5 10 10 7 12 10 14 10 5
4 4 4 0 6 4 8 6 15 9 12 15 15 15 4 4
10 4 4 10 6 4 10 10 10 0 10 11
2 5 5 5 0 5 5 10 10 7 12 10 14 10 5
4 4 4 0 6 4 8 6 15 9 12 15 15 15 4 4
10 4 4 10 6 4 10 10 10 0 13 13 10 15 13
2 5 5 5 0 5 5 10 10 7 12 10 14 10 5
4 4 4 0 6 4 8 6 15 9 12 15 15 15 4 4
10 4 4 10 6 4 10 10 10 0 13 13 10 15 13
2 5 5 5 0 5 5 10 10 7 12 10 14 10 5
4 4 4 0 6 4 8 6 15 9 12 15 15 15 4 4
10 4 4 10 6 4 10 10 10 0 13 13 10 15 13
2 5 5 5 0 5 5 10 10 7 12 10 14 10 5
4 4 4 0 6 4 8 6 15 9 12 15 15 15 4 4
10 4 4 10 6 4 10 10 10 0 12 10 14 12
2 5 5 5 0 5 5 10 10 7 12 10 14 10 5
4 4 4 0 6 4 8 6 15 9 12 15 15 15 4 4
10 4 4 10 6 4 10 10 10 0 12 10 14 12 18 18 19 10 18 23 23 23 19 23
2 5 5 5 0 5 5 10 10 7 12 10 14 10 5
4 4 4 0 6 4 8 6 15 9 12 15 15 15 4 4
10 4 4 10 6 4 10 10 10 0 12 10 14 12 18 18 19 10 18 23 23 23 19 23
2 5 5 5 0 5 5 10 10 7 12 10 14 10 5
4 4 4 0 6 4 8 6 15 9 12 15 15 15 4 4
10 4 4 10 6 4 10 10 10 0 12 10 14 12 18 18 19 10 18 23 23 23 19 23 10
2 5 5 5 0 5 5 10 10 7 12 10 14 10 5
4 4 4 0 6 4 8 6 15 9 12 15 15 15 4 4
10 4 4 10 6 4 10 10 10 0 12 10 14 12 18 18 19 10 18 23 23 23 19 23
2 5 5 5 0 5 5 10 10 7 12 10 14 10 5
4 4 4 0 6 4 8 6 15 9 12 15 15 15 4 4
10 4 4 10 6 4 10 10 10 0 12 10 14 12 18 18 19 10 18 23 23 23 19 23 29 29 29 29 23
2 5 5 5 0 5 5 10 10 7 12 10 14 10 5
4 4 4 0 6 4 8 6 15 9 12 15 15 15 4 4
10 4 4 10 6 4 10 10 10 0 12 10 14 12 18 18 19 10 18 23 23 23 19 23 29 29 29 29 23
2 5 5 5 0 5 5 10 10 7 12 10 14 10 5
4 4 4 0 6 4 8 6 15 9 12 15 15 15 4 4
10 4 4 10 6 4 10 10 10 0 12 10 14 12 18 18 19 10 18 23 23 23 19 23 35 29 29 29 35 31 29 35 35 35 10
2 5 5 5 0 5 5 10 10 7 12 10 14 10 5
4 4 4 0 6 4 8 6 15 9 12 15 15 15 4 4
10 4 4 10 6 4 10 10 10 0 12 10 14 12 18 18 19 10 18 23 23 23 19 23 29 29 29 29 23 31 29 34 34 29
2 5 5 5 0 5 5 10 10 7 12 10 14 10 5
4 4 4 0 6 4 8 6 15 9 12 15 15 15 4 4
10 4 4 10 6 4 10 10 10 0 12 10 14 12 18 18 19 10 18 23 23 23 19 23 35 29 29 29 35 31 29 35 35 35 10
2 5 5 5 0 5 5 10 10 7 12 10 14 10 5
4 4 4 0 6 4 8 6 15 9 12 15 15 15 4 4
10 4 4 10 6 4 10 10 10 0 12 10 14 12 18 18 19 10 18 23 23 23 19 23 29 29 29 29 23 31 29
2 5 5 5 0 5 5 10 10 7 12 10 14 10 5
4 4 4 0 6 4 8 6 15 9 12 15 15 15 4 4
10 4 4 10 6 4 10 10 10 0 12 10 14 12 18 18 19 10 18 23 23 23 19 23 36 36 29 29 36 31 29 29 36 36 36 10 39 39 36 41
2 5 5 5 0 5 5 10 10 7 12 10 14 10 5
4 4 4 0 6 4 8 6 15 9 12 15 15 15 4 4
10 4 4 10 6 4 10 10 10 0 12 10 14 12 18 18 19 10 18 23 23 23 19 23 36 36 29 29 36 31 29 29 36 36 36 10 39 39 36 41
2 5 5 5 0 5 5 10 10 7 12 10 14 10 5
4 4 4 0 6 4 8 6 15 9 12 15 15 15 4 4
10 4 4 10 6 4 10 10 10 0 12 10 14 12 18 18 18 10 18 23 23 23 19 23 41 29 29 29 36 31 29 29 36 36 36 41 39 39 36 41 10 41 42 47 47 47 41 47
3 3 0 6 6 3
2 5 5 5 0 5 5 10 10 7 12 10 14 10 5
4 4 4 0 6 4 8 6 15 9 12 15 15 15 4 4
10 4 4 10 6 4 10 10 10 0 12 10 14 12 18 18 18 10 18 23 23 23 19 23 41 29 29 29 36 31 29 29 36 36 36 41 39 39 36 41 10 41 42 47 47 47 41 47
3 3 0 6 6 3
2 5 5 5 0 5 5 10 10 7 12 10 14 10 5
4 4 4 0 6 4 8 6 15 9 12 15 15 15 4 4
10 4 4 10 6 4 10 10 10 0 12 10 14 12 18 18 18 10 18 23 23 23 19 23 41 29 29 29 36 31 29 29 36 36 36 41 39 39 36 41 10 41 42 47 47 47 41 47
3 3 9 6 6 3 9 9 0 9 10
2 5 5 5 0 5 5 10 10 7 12 10 14 10 5
4 4 4 0 6 4 8 6 15 9 12 15 15 15 4 4
10 4 4 10 6 4 10 10 10 0 12 10 14 12 18 18 18 10 18 23 23 23 19 23 41 29 29 29 36 31 29 29 36 36 36 41 39 39 36 41 10 41 42 47 47 47 41 47
3 3 9 6 6 3 9 9 0 9 12 10
2 5 5 5 0 5 5 10 10 7 12 10 14 10 5
4 4 4 0 6 4 8 6 15 9 12 15 15 15 4 4
10 4 4 10 6 4 10 10 10 0 12 10 14 12 18 18 18 10 18 23 23 23 19 23 41 29 29 29 36 31 29 29 36 36 36 41 39 39 36 41 10 41 42 47 47 47 41 47
9 3 9 6 6 3 9 9 0 9 12 10 15 15 10 15 16
2 5 5 5 0 5 5 10 10 7 12 10 14 10 5
4 4 4 0 6 4 8 6 15 9 12 15 15 15 4 4
10 4 4 10 6 4 10 10 10 0 12 10 14 12 18 18 18 10 18 23 23 23 19 23 41 29 29 29 36 31 29 29 36 36 36 41 39 39 36 41 10 41 42 47 47 47 41 47
6 3 17 6 6 3 9 9 6 9 12 10 15 15 3 17 0
2 5 5 5 0 5 5 10 10 7 12 10 14 10 5
4 4 4 0 6 4 8 6 15 9 12 15 15 15 4 4
10 4 4 10 6 4 10 10 10 0 12 10 14 12 18 18 18 10 18 23 23 23 19 23 41 29 29 29 36 31 29 29 36 36 36 41 39 39 36 41 10 41 42 47 47 47 41 47
6 3 18 6 6 3 9 9 6 9 12 10 18 15 3 18 18 0 18 19
2 5 5 5 0 5 5 10 10 7 12 10 14 10 5
4 4 4 0 6 4 8 6 15 9 12 15 15 15 4 4
10 4 4 10 6 4 10 10 10 0 12 10 14 12 18 18 18 10 18 23 23 23 19 23 41 29 29 29 36 31 29 29 36 36 36 41 39 39 36 41 10 41 42 47 47 47 41 47
3 3 9 6 6 3 9 9 18 9 12 10 18 15 18 18 18 0 18 19
2 5 5 5 0 5 5 10 10 7 12 10 14 10 5
4 4 4 0 6 4 8 6 15 9 12 15 15 15 4 4
10 4 4 10 6 4 10 10 10 0 12 10 14 12 18 18 18 10 18 23 23 23 19 23 41 29 29 29 36 31 29 29 36 36 36 41 39 39 36 41 10 41 42 47 47 47 41 47
6 3 18 6 6 3 9 9 6 9 12 10 15 15 3 18 18 0 18 22 22 19 22
2 5 5 5 0 5 5 10 10 7 12 10 14 10 5
4 4 4 0 6 4 8 6 15 9 12 15 15 15 4 4
10 4 4 10 6 4 10 10 10 0 12 10 14 12 18 18 18 10 18 23 23 23 19 23 41 29 29 29 36 31 29 29 36 36 36 41 39 39 36 41 10 41 42 47 47 47 41 47
6 3 18 6 6 3 9 9 6 9 12 10 15 15 3 18 18 0 18 22 22 19 18
2 5 5 5 0 5 5 10 10 7 12 10 14 10 5
4 4 4 0 6 4 8 6 15 9 12 15 15 15 4 4
10 4 4 10 6 4 10 10 10 0 12 10 14 12 18 18 18 10 18 23 23 23 19 23 41 29 29 29 36 31 29 29 36 36 36 41 39 39 36 41 10 41 42 47 47 47 41 47
6 3 28 6 6 3 9 9 6 9 12 10 18 15 18 18 18 9 18 22 22 19 24 22 28 28 28 0 28 28
2 5 5 5 0 5 5 10 10 7 12 10 14 10 5
4 4 8 0 6 4 8 6 15 9 12 15 15 15 4 15 19 19 15 21 19 25 25 27 15 27 25 29 27 33 33 34 25 33 38 38 38 34 38 56 44 44 44 51 46 44 44 51 51 51 56 54 54 51 56 4 56 57 62 62 62 56 62
6 3 28 6 6 3 9 9 6 9 12 10 18 15 18 18 18 9 18 22 22 19 24 22 28 28 28 0 28 28
2 5 5 5 0 5 5 10 10 7 12 10 14 10 5
4 4 4 0 6 4 8 6 15 9 12 15 15 15 4 4
10 4 4 10 6 4 10 10 10 0 12 10 14 12 18 18 18 10 18 23 23 23 19 23 41 29 29 29 36 31 29 29 36 36 36 41 39 39 36 41 10 41 42 47 47 47 41 47
6 3 28 6 6 3 9 9 6 9 12 10 18 15 18 18 18 9 18 22 22 19 24 22 28 28 28 0 28 28
2 5 5 5 0 5 5 10 10 7 12 10 14 10 5
4 4 4 0 6 4 8 6 15 9 12 15 15 15 4 4
10 4 4 10 6 4 10 10 10 0 12 10 14 12 18 18 18 10 18 23 23 23 19 23 41 29 29 29 36 31 29 29 36 36 36 41 39 39 36 41 10 41 42 46 46 41 46
6 3 28 6 6 3 9 9 6 9 12 10 18 15 18 18 18 9 18 22 22 19 24 22 28 28 28 0 28 28
2 5 5 5 0 5 5 10 10 7 12 10 14 10 5
4 4 4 0 6 4 8 6 15 9 12 15 15 15 4 4
10 4 4 10 6 4 10 10 10 0 12 10 14 12 18 18 18 10 18 23 23 23 19 23 41 29 29 29 36 31 29 29 36 36 36 41 39 39 36 41 10 41 42 48 48 48 48 41 48
6 3 28 6 6 3 9 9 6 9 12 10 18 15 18 18 18 9 18 22 22 19 24 22 28 28 28 0 28 28
