0 1
0
3 3 0
3 3 0
3 3 0
3 3 0
3 3 6 6 6 0 6 9 7
3 3 6 6 6 0 6 9 7
3 3 6 6 6 0 6 9 7 9
3 3 6 6 6 0 6 9 7
3 3 6 6 6 0 6 9 7 6
0
3 3 6 6 6 0 6 9 7 6
3 3 6 6 6 0 6 9 7 6
0
3 3 6 6 6 0 6 9 7 6
0
3 3 6 6 6 0 6 9 7 6
0
3 3 6 6 6 0 6 9 7 6
0
3 3 6 6 6 0 6 9 7 6
0
3 3 6 6 6 0 6 9 7 6
0
3 3 6 6 6 0 6 9 7 6
0
3 3 6 6 6 0 6 9 7 6
0
3 3 6 6 6 0 6 9 7 6
0
3 3 6 6 6 0 6 9 7 6
0
3 3 6 6 6 0 6 9 7 6
2 0 2
3 3 6 6 6 0 6 9 7 6
2 0 2
3 3 6 6 6 0 6 9 7 6
2 0 2 3 3
3 3 6 6 6 0 6 9 7 6
2 0 4 2 2
3 3 6 6 6 0 6 9 7 6
2 0 4 2 2
3 3 6 6 6 0 6 9 7 6
2 0 4 2 2
3 3 6 6 6 0 6 9 7 6
2 0 6 6 6 2
3 3 6 6 6 0 6 9 7 6
2 0
3 3 6 6 6 0 6 9 7 6
2 0 2 3
3 3 6 6 6 0 6 9 7 6
2 0 2 3
3 3 6 6 6 0 6 9 7 6
2 0 2 3 3
3 3 6 6 6 0 6 9 7 6
2 0 2 2 2
3 3 6 6 6 0 6 9 7 6
2 0 2 2 6 4
3 3 6 6 6 0 6 9 7 6
2 0 2 2 6 4
3 3 6 6 6 0 6 9 7 6
2 0 2 2 6 4
3 3 6 6 6 0 6 9 7 6
2 0 2 2 6 4
3 3 6 6 6 0 6 9 7 6
2 0 2 2 6 4 9 9 6 12 12 9
3 3 6 6 6 0 6 9 7 6
2 0 2 2 6 4 9 9 6 12 12 9
3 3 6 6 6 0 6 9 7 6
2 0 2 2 6 4 9 9 6 11 9 11
3 3 6 6 6 0 6 9 7 6
2 0 2 2 6 4 9 9 6 12 12 9
3 3 6 6 6 0 6 9 7 6
