0
0
0
0
0
4 4 4 0 6 4 8 6 11 11 6
4 4 4 0 6 4 8 6 11 11 6
4 4 4 0 6 4 8 6 12 12 12 4 12 12 4
4 4 4 0 6 4 8 6 12 12 12 4 12 12 4
4 4 4 0 6 4 8 6 12 12 12 6 14 12 16 12 20 20 20 12 22 20 4
4 4 4 0 6 4 8 6 12 12 12 6 14 12 16 12 20 20 20 12 22 20
4 4 4 0 6 4 8 6 12 12 12 4 14 12 16 12 20 20 20 12 22 20 4
0
4 4 4 0 6 4 8 6 12 12 12 4 14 12 16 12 20 20 20 12 22 20 4
4 4 4 0 6 4 8 6 12 12 12 4 14 12 16 12 20 20 20 12 22 20 4
3 3 0 6 6 3 8
4 4 4 0 6 4 8 6 12 12 12 4 14 12 16 12 20 20 20 12 22 20 4
3 3 0 6 6 3 8
4 4 4 0 6 4 8 6 12 12 12 4 14 12 16 12 20 20 20 12 22 20 4
3 3 0 6 6 3 8
4 4 4 0 6 4 8 6 12 12 12 4 14 12 16 12 20 20 20 12 22 20 4
3 3 0 6 6 3
4 4 4 0 6 4 8 6 12 12 12 4 14 12 16 12 20 20 20 12 22 20 4
3 3 0 6 6 3 8
4 4 4 0 6 4 8 6 12 12 12 4 14 12 16 12 20 20 20 12 22 20 4
3 3 0 6 6 3 8
4 4 4 0 6 4 8 6 12 12 12 4 14 12 16 12 20 20 20 12 22 20 4
3 3 0 6 6 3 10 10 10 6 10
4 4 4 0 6 4 8 6 12 12 12 4 14 12 16 12 20 20 20 12 22 20 4
3 3 0 6 6 3 10 10 10
4 4 4 0 6 4 8 6 12 12 12 4 14 12 16 12 20 20 20 12 22 20 4
3 3 12 6 6 3 9 9 6 9 12 0 14
4 4 4 0 6 4 8 6 12 12 12 4 14 12 16 12 20 20 20 12 22 20 4
3 3 12 6 6 3 9 9 6 9 12 0
4 4 4 0 6 4 8 6 12 12 12 4 14 12 16 12 20 20 20 12 22 20 4
3 3 15 6 6 3 10 10 10 6 12 10 15 15 0 15 19 19
4 4 4 0 6 4 8 6 12 12 12 4 14 12 16 12 20 20 20 12 22 20 4
3 3 15 6 6 3 9 9 6 9 12 10 15 15 0 15 19 19
4 4 4 0 6 4 8 6 12 12 12 4 14 12 16 12 20 20 20 12 22 20 4
3 3 15 6 6 3 10 10 10 6 12 10 15 15 0 15 21 19 21 21 15 25 25 25 15 27 25 29
4 4 4 0 6 4 8 6 12 12 12 4 14 12 16 12 20 20 20 12 22 20 4
3 3 15 6 6 3 10 10 10 6 12 10 15 15 0 15 21 19 21 21 15 25 25 25 15 27 25 29
4 4 4 0 6 4 8 6 12 12 12 4 14 12 16 12 20 20 20 12 22 20 4
3 3 15 6 6 3 9 9 6 9 12 9 15 15 0 15 21 19 21 21 25 25 25 25 15 27 25 29 27 34 34 33 34 25 36 34
4 4 4 0 6 4 8 6 11 11 4 13 11 15 11 19 19 19 11 21 19 4
3 3 15 6 6 3 9 9 6 9 12 9 15 15 0 15 21 19 21 21 25 25 25 25 15 27 25 29 27 34 34 33 34 25 36 34
2 0 4 2 6 4 8 6 12 12 12 4 14 12 16 12 20 20 20 12 22 20 2
3 3 15 6 6 3 9 9 6 9 12 9 15 15 0 15 21 19 21 21 25 25 25 25 15 27 25 29 27 34 34 33 34 25 36 34
2 0 2 2 6 2 8 6 13 13 13 13 8 17 17 17 13 19 17 2
3 3 15 6 6 3 9 9 6 9 12 9 15 15 0 15 21 19 21 21 25 25 25 25 15 27 25 29 27 34 34 33 34 25 36 34
2 0 2 2 6 2 8 6 13 13 13 13 8 17 17 17 13 19 17 2
3 3 15 6 6 3 9 9 6 9 12 9 15 15 0 15 21 19 21 21 15 25 25 25 15 27 25 29 27 33 32 33 25 35 33
2 0 2 2 6 2 8 6 13 13 13 13 8 17 17 17 13 19 17 2
3 3 15 6 6 3 9 9 6 9 12 9 15 15 0 15 21 19 21 21 15 25 25 25 15 27 25 29 27 33 32 33 25 35 33 25
0
2 0 2 2 6 2 8 6 13 13 13 13 8 17 17 17 13 19 17 2
3 3 15 6 6 3 9 9 6 9 12 9 15 15 0 15 21 19 21 21 15 25 25 25 15 27 25 29 27 33 32 33 25 35 33 25
2 0 2 2 6 2 8 6 13 13 13 13 8 17 17 17 13 19 17 2
3 3 15 6 6 3 9 9 6 9 12 9 15 15 0 15 21 19 21 21 15 25 25 25 15 27 25 29 27 33 32 33 25 35 33 25
4 4 4 0 6 4 9 9 6 11 9 15 15 15 6
2 0 2 2 6 2 8 6 13 13 13 13 8 17 17 17 13 19 17 2
3 3 15 6 6 3 9 9 6 9 12 9 15 15 0 15 21 19 21 21 15 25 25 25 15 27 25 29 27 33 32 33 25 35 33 25
4 4 4 0 6 4 9 9 6 11 9 15 15 15
2 0 2 2 6 2 8 6 13 13 13 13 8 17 17 17 13 19 17 2
3 3 15 6 6 3 9 9 6 9 12 9 15 15 0 15 21 19 21 21 15 25 25 25 15 27 25 29 27 33 32 33 25 35 33 25
4 4 4 0 6 4 9 9 6 11 9 16 16 15 16 9 16
2 0 2 2 6 2 8 6 13 13 13 13 8 17 17 17 13 19 17 2
3 3 15 6 6 3 9 9 6 9 12 9 15 15 0 15 21 19 21 21 15 25 25 25 15 27 25 29 27 33 32 33 25 35 33 25
4 4 4 0 6 4 9 9 6 11 9 16 16 15 16
2 0 2 2 6 2 8 6 13 13 13 13 8 17 17 17 13 19 17 2
3 3 15 6 6 3 9 9 6 9 12 9 15 15 0 15 21 19 21 21 15 25 25 25 15 27 25 29 27 33 32 33 25 35 33 25
4 4 4 0 6 4 9 9 6 11 9 16 16 15 16
2 0 2 2 6 2 8 6 13 13 13 13 8 17 17 17 13 19 17 2
3 3 15 6 6 3 9 9 6 9 12 9 15 15 0 15 21 19 21 21 15 25 25 25 15 27 25 29 27 33 32 33 25 35 33 25
4 4 4 0 6 4 9 9 6 11 9 16 16 15 16
2 0 2 2 6 2 8 6 13 13 13 13 8 17 17 17 13 19 17 2
3 3 15 6 6 3 9 9 6 9 12 9 15 15 0 15 21 19 21 21 15 25 25 25 15 27 25 29 27 33 32 33 25 35 33 25
4 4 4 21 6 4 9 9 6 11 9 16 16 15 16 9 18 16 21 21 0 25 25 25
2 0 2 2 6 2 8 6 13 13 13 13 8 17 17 17 13 19 17 2
3 3 15 6 6 3 9 9 6 9 12 9 15 15 0 15 21 19 21 21 15 25 25 25 15 27 25 29 27 33 32 33 25 35 33 25
4 4 4 25 6 4 9 9 6 11 9 16 16 15 16 9 18 16 25 23 22 23 16 23 0 29 29 29
2 0 2 2 6 2 8 6 13 13 13 13 8 17 17 17 13 19 17 2
3 3 15 6 6 3 9 9 6 9 12 9 15 15 0 15 21 19 21 21 15 25 25 25 15 27 25 29 27 33 32 33 25 35 33 25
4 4 4 25 6 4 9 9 6 11 9 16 16 15 16 9 18 16 23 23 22 23 16 23 0 29 29 29
2 0 2 2 6 2 8 6 13 13 13 13 8 17 17 17 13 19 17 2
3 3 15 6 6 3 9 9 6 9 12 9 15 15 0 15 21 19 21 21 15 25 25 25 15 27 25 29 27 33 32 33 25 35 33 25
4 4 4 25 6 4 9 9 6 11 9 16 16 15 16 9 18 16 25 23 22 23 16 23 0 29 29 29
2 0 2 2 6 2 8 6 13 13 13 13 8 17 17 17 13 19 17 2
3 3 15 6 6 3 9 9 6 9 12 9 15 15 0 15 21 19 21 21 15 25 25 25 15 27 25 29 27 33 32 33 25 35 33 25
4 4 4 25 6 4 9 9 6 11 9 16 16 15 16 9 18 16 22 22 22 25 25 25
2 0 2 2 6 2 8 6 13 13 13 13 8 17 17 17 13 19 17 2
3 3 15 6 6 3 9 9 6 9 12 9 15 15 0 15 21 19 21 21 15 25 25 25 15 27 25 29 27 33 32 33 25 35 33 25
