0
2 0 4 2 2
2 0 4 2 4
2 0 4 2 6 2
2 0 4 2 6 2
2 9 4 2 9 9 9 9 0 11 9
2 9 4 2 9 9 9 9 0 9
2 7 4 2 7 7 0 7 7 12 12 7 15 13 12 18 18 12 20 12
2 7 4 2 7 7 0 7 7 12 12 7 15 13 12 18 18 12 20
2 7 4 2 7 7 0 7 7 12 12 7 15 13 12 18 18 12 20 12 20
2 7 4 2 7 7 0 7 7 12 12 7 15 13 12 18 18 12 22 22 22 7 22
2 7 4 2 7 7 0 7 7 12 12 7 15 13 12 18 18 12 22 22 22 7 22
2 7 4 2 7 7 0 7 7 12 12 7 15 13 12 18 18 12 21 21 12 21 22 21 24
2 7 4 2 7 7 0 7 7 12 12 7 15 13 12 18 18 12 21 21 12 21 22 21 24
2 7 4 2 7 7 0 7 7 12 12 7 15 13 12 18 18 12 21 21 12 21 22 22 7 25
2 7 4 2 7 7 0 7 7 12 12 7 15 13 12 18 18 12 21 21 7 21 22 25 21 25
2 7 4 2 7 7 0 7 7 12 12 7 15 13 12 18 18 12 21 21 7 21 22 25 22 28 28 25 30 21 30
2 7 4 2 7 7 0 7 7 12 12 7 15 13 12 18 18 12 21 21 7 21 22 25 22 28 28 25 31 31 7 31
2 7 4 2 7 7 0 7 7 12 12 7 15 15 12 18 18 12 21 21 7 21 22 25 22 28 28 25 31 31 7 31 34
0 4 4 1 4 5
2 7 4 2 7 7 0 7 7 12 12 7 15 15 12 18 18 12 21 21 7 21 22 25 22 28 28 25 31 31 7 31 34
0 3 4 1
2 7 4 2 7 7 0 7 7 12 12 7 15 15 12 18 18 12 21 21 7 21 22 25 22 28 28 25 31 31 7 31 34
0 4 4 1 6 4
2 7 4 2 7 7 0 7 7 12 12 7 15 15 12 18 18 12 21 21 7 21 22 25 22 28 28 25 31 31 7 31 34
0 4 4 1
2 7 4 2 7 7 0 7 7 12 12 7 15 15 12 18 18 12 21 21 7 21 22 25 22 28 28 25 31 31 7 31 34
0 4 4 1 4
2 7 4 2 7 7 0 7 7 12 12 7 15 15 12 18 18 12 21 21 7 21 22 25 22 28 28 25 31 31 7 31 34
0 4 4 1 4
2 7 4 2 7 7 0 7 7 12 12 7 15 15 12 18 18 12 21 21 7 21 22 25 22 28 28 25 31 31 7 31 34
0 4 4 1 4
2 7 4 2 7 7 0 7 7 12 12 7 15 15 12 18 18 12 21 21 7 21 22 25 22 28 28 25 31 31 7 31 34
0 4 4 1 4
2 7 4 2 7 7 0 7 7 12 12 7 15 15 12 18 18 12 21 21 7 21 22 25 22 28 28 25 31 31 7 31 34
0 4 4 1 4 7 5
2 7 4 2 7 7 0 7 7 12 12 7 15 15 12 18 18 12 21 21 7 21 22 25 22 28 28 25 31 31 7 31 34
5 4 4 1 0 5 8 6
2 7 4 2 7 7 0 7 7 12 12 7 15 15 12 18 18 12 21 21 7 21 22 25 22 28 28 25 31 31 7 31 34
5 4 4 1 0 5 8 6
2 7 4 2 7 7 0 7 7 12 12 7 15 15 12 18 18 12 21 21 7 21 22 25 22 28 28 25 31 31 7 31 34
5 4 4 1 0 5 8 6 5
0
2 7 4 2 7 7 0 7 7 12 12 7 15 15 12 18 18 12 21 21 7 21 22 25 22 28 28 25 31 31 7 31 34
5 4 4 1 0 5 8 6 5
2 7 4 2 7 7 0 7 7 12 12 7 15 15 12 18 18 12 21 21 7 21 22 25 22 28 28 25 31 31 7 31 34
5 4 4 1 0 5 8 6 5
2 7 7 7 7 7 0 9 7 11 9
2 7 4 2 7 7 0 7 7 12 12 7 15 15 12 18 18 12 21 21 7 21 22 25 22 28 28 25 31 31 7 31 34
5 4 4 1 0 5 8 6 5
2 7 7 7 7 7 0 9 7 11 9
2 7 4 2 7 7 0 7 7 12 12 7 15 15 12 18 18 12 21 21 7 21 22 25 22 28 28 25 31 31 7 31 34
5 4 4 1 0 5 8 6 5
2 7 7 7 7 7 0 9 7 11 9
2 7 4 2 7 7 0 7 7 12 12 7 15 15 12 18 18 12 21 21 7 21 22 25 22 28 28 25 31 31 7 31 34
5 4 4 1 0 5 8 6 5
2 7 7 7 7 7 0 9 7 11 9
2 7 4 2 7 7 0 7 7 12 12 7 15 15 12 18 18 12 21 21 7 21 22 25 22 28 28 25 31 31 7 31 34
5 4 4 1 0 5 8 6 5
2 7 7 7 7 7 0 9 7 11 9 7
2 0 2 3
2 7 4 2 7 7 0 7 7 12 12 7 15 15 12 18 18 12 21 21 7 21 22 25 22 28 28 25 31 31 7 31 34
5 4 4 1 0 5 8 6 5
2 7 7 7 7 7 0 9 7 11 9 7
2 0 2 3
2 7 4 2 7 7 0 7 7 12 12 7 15 15 12 18 18 12 21 21 7 21 22 25 22 28 28 25 31 31 7 31 34
5 4 4 1 0 5 8 6 5
2 7 7 7 7 7 0 9 7 11 9 7
2 0 2 6 6 3 9 9 6 2
2 0 2 5 3 2
2 7 4 2 7 7 0 7 7 12 12 7 15 15 12 18 18 12 21 21 7 21 25 25 22 27 22 30 30 27 33 33 7 33
5 4 4 1 0 5 8 6 5
2 7 7 7 7 7 0 9 7 11 9 7
2 0 2 6 6 3 9 9 6 2
2 0 2 5 3 2
2 7 4 2 7 7 0 7 7 12 12 7 15 15 12 18 18 12 21 21 7 21 25 25 22 27 22 30 30 27 33 33 7 33
5 4 4 1 0 5 8 6 5
2 7 7 7 7 7 0 9 7 11 9 7
2 0 2 6 6 3 9 9 6 2
2 0 2 5 3 2
5 5 5 5 0 7 5
2 7 4 2 7 7 0 7 7 12 12 7 15 15 12 18 18 12 21 21 7 21 25 25 22 27 22 30 30 27 33 33 7 33
5 4 4 1 0 5 8 6 5
2 7 7 7 7 7 0 9 7 11 9 7
2 0 2 6 6 3 9 9 6 2
2 0 2 5 3
2 7 4 2 7 7 0 7 7 12 12 7 15 15 12 18 18 12 21 21 7 21 25 25 22 27 22 30 30 27 33 33 7 33
5 4 4 1 0 5 8 6 5
2 7 7 7 7 7 0 9 7 11 9 7
2 0 2 6 6 3 9 9 6 2
2 0 2 5 3 2
2 0
2 7 4 2 7 7 0 7 7 12 12 7 15 15 12 18 18 12 21 21 7 21 25 25 22 27 22 30 30 27 33 33 7 33
5 4 4 1 0 5 8 6 5
2 7 7 7 7 7 0 9 7 11 9 7
2 0 2 6 6 3 9 9 6 2
2 0 2 5 3 2
2 7 4 2 7 7 0 7 7 12 12 7 15 15 12 18 18 12 21 21 7 21 25 25 22 27 22 30 30 27 33 33 7 33
5 4 4 1 0 5 8 6 5
2 7 7 7 7 7 0 9 7 11 9 7
2 0 2 6 6 3 9 9 6 2
2 0 2 5 3 2
