0
0
3 3 0 6 6 3
3 3 0 6 6 3
3 3 0 6 6 3 6
3 3 0 6 6 3 6
3 3 0 6 6 3
3 3 0 6 6 3 8 6 8
0 1 6 6 6 1 6 7
0 1 6 6 6 1 6 7
0 1 6 6 6 1 6 7
0 1 1 6 6 1 9 9 6
0 1 6 6 6 1 6 7
0 1 6 6 6 1 11 9 6 11 1 14 14 11 16 14 19 19 16
0 1 1 6 6 3 11 9 11 11 1 13 11 11 16 11 18 16 21 21 18
0 1 1 6 6 3 11 9 11 11 1 13 11 15 11 17 15 20 20 17
0 1 1 6 6 3 11 9 11 11 1 13 11 11 16 14 18 16 20 18 23 23 20
0 1 1 6 6 3 11 9 11 11 1 13 11 11 16 11 19 19 16 21 19 24 24 21
0 1 1 6 6 3 11 9 11 11 1 13 11 11 16 11 19 19 16 21 19 24 24 21 24
