0
0
0
2 0
0
2 0
0
2 0 5 5
2 0 5 5
2 0 5 5
0
0
0 1
0 1
0 1
2 0 4 2 6 4
2 0 4 2 6 4
2 0 4 2 6 4 8 6 8
2 0 4 2 6 4 8 6
0 1 4 2 6 4 8 6 11 11 8 14 14
0 1 4 2 6 4 8 6 11 11 8 13 1
0 1 4 1 6 4 8 4 11 11 8 14 14 1 16 14 19 19 16
0 1 4 1 6 4 8 6 11 11 8 14 14 1 16 14 19 19 16
0 1 4 2 6 4 8 4 11 11 8 14 14 1 16 14 19 19 16
0 1 4 1 6 4 8 6 11 11 8 14 14 1 16 14 19 19 16
0 1 4 2 6 4 8 4 11 11 8 14 14 1 16 14 19 19 16 24 24 24
0 1 4 2 6 4 8 4 11 11 8 14 14 1 16 14 19 19 16 22
0 1 4 2 6 4 8 4 11 11 8 14 14 1 16 14 19 19 16 14 23 23 20
0 1 4 2 6 4 8 4 11 11 8 14 14 1 16 14 19 19 16 14 23 23
0 1 4 2 6 4 8 6 11 11 8 14 14 2 16 14 19 19 16 14 23 23 20
0 1 4 2 6 4 8 4 11 11 8 14 14 1 16 14 19 19 16 14 23 23
0 1 4 2 6 4 8 6 11 11 8 14 14 2 16 14 19 19 16 14 23 23 20 23 28 28 26 20
0 1 4 1 6 4 8 6 11 11 8 14 14 1 16 14 19 19 16 14 23 23 20 23 28 28
0 1 4 2 6 4 8 6 11 11 8 14 14 2 16 14 19 19 16 14 23 23 20 23 28 28 26 24 14 2 2 2 2 2 2 2 2 2 2 2 2 2 2 2 2 2 2 2 2 2 2 2 2 2 2 2 2 2 2 2 2 2 2 2 2 2 2 2 2
0 1 4 1 6 4 8 6 11 11 8 14 14 1 16 14 19 19 16 14 23 23 20 23 28 28
