0
0
2 0 5 5 2 7 5
2 0 5 5 2 7 5
2 0 11 5 11 8 8 5 11 11 2 16 16 16 16 11 16
2 0 11 5 11 8 8 5 11 11 2 16 16 16 16 11
2 0 11 5 11 8 8 5 11 11 2 16 16 16 16 11 16
2 0 11 5 11 8 8 5 11 11 2 14 14 11
2 0 11 5 11 8 8 5 11 11 2 15 15 15 11 15
2 0 11 5 11 8 8 5 11 11 2 15 15 15 11
2 0 11 5 11 8 8 5 11 11 2 15 15 15 11 15
2 0 11 5 11 8 8 5 11 11 2 14 14 11
2 0 11 5 11 8 8 5 11 11 2 25 15 15 24 17 15 24 23 23 23 23 15 11 24 27 25 27 31 31 25
2 0 11 5 11 8 8 5 11 11 2 24 15 15 24 17 15 24 23 23 23 23 15 11 24 27 25 27 31 31 25
2 0 11 5 11 8 8 5 11 11 2 25 15 15 24 17 15 25 23 23 23 23 15 11 24 27 25 27 31 31 11 33 31
2 0 11 5 11 8 8 5 11 11 2 25 15 15 24 17 15 25 23 23 23 23 15 25 11 27 25 27 31 31 11 33 31
2 0 11 5 11 8 8 5 11 11 2 25 15 15 24 17 15 24 23 23 23 23 15 11 24 27 25 27 31 31 25 33 31 33 2
3 3 0 6 6 3
2 0 11 5 11 8 8 5 11 11 2 25 15 15 24 17 15 24 23 23 23 23 15 11 24 27 25 27 31 31 25 33 31 33 2
0
2 0 11 5 11 8 8 5 11 11 2 25 15 15 24 17 15 24 23 23 23 23 15 11 24 27 25 27 31 31 25 33 31 33 2
4 4 4 0
2 0 11 5 11 8 8 5 11 11 2 25 15 15 24 17 15 24 23 23 23 23 15 11 24 27 25 27 31 31 25 33 31 33 2
0
2 0 11 5 11 8 8 5 11 11 2 25 15 15 24 17 15 24 23 23 23 23 15 11 24 27 25 27 31 31 25 33 31 33 2
0
2 0 11 5 11 8 8 5 11 11 2 25 15 15 24 17 15 24 23 23 23 23 15 11 24 27 25 27 31 31 25 33 31 33 2
0
2 0 11 5 11 8 8 5 11 11 2 25 15 15 24 17 15 24 23 23 23 23 15 11 24 27 25 27 31 31 25 33 31 33 2
5 5 5 5 0 8 6 5 5
2 0 11 5 11 8 8 5 11 11 2 25 15 15 24 17 15 24 23 23 23 23 15 11 24 27 25 27 31 31 25 33 31 33 2
5 5 5 5 0 8 6 5
2 0 11 5 11 8 8 5 11 11 2 25 15 15 24 17 15 24 23 23 23 23 15 11 24 27 25 27 31 31 25 33 31 33 2
13 5 5 5 13 8 6 5 11 11 5 13 0 15 13 17 15 19 17
2 0 11 5 11 8 8 5 11 11 2 25 15 15 24 17 15 24 23 23 23 23 15 11 24 27 25 27 31 31 25 33 31 33 2
13 5 5 5 13 8 6 5 11 11 5 13 0 15 13 17 15 19 17
2 0 11 5 11 8 8 5 11 11 2 25 15 15 24 17 15 24 23 23 23 23 15 11 24 27 25 27 31 31 25 33 31 33 2
13 5 5 5 13 8 6 5 11 11 5 13 0 15 13 17 15 19 17 13
6 1 6 6 6 0 8 6 10 8
2 0 11 5 11 8 8 5 11 11 2 25 15 15 24 17 15 24 23 23 23 23 15 11 24 27 25 27 31 31 25 33 31 33 2
13 5 5 5 13 8 6 5 11 11 5 13 0 15 13 17 15 19 17 13
6 1 6 6 6 0 8 6 10 8
2 0 11 5 11 8 8 5 11 11 2 25 15 15 24 17 15 24 23 23 23 23 15 11 24 27 25 27 31 31 25 33 31 33 2
13 5 5 5 13 8 6 5 11 11 5 13 0 15 13 17 15 19 17 13
5 1 5 5 0 13 8 6 11 11 8 13 5
2 0 11 5 11 8 8 5 11 11 2 25 15 15 24 17 15 24 23 23 23 23 15 11 24 27 25 27 31 31 25 33 31 33 2
13 5 5 5 13 8 6 5 11 11 5 13 0 15 13 17 15 19 17 13
6 1 6 6 6 0 8 6 11 11 6 6
2 0 11 5 11 8 8 5 11 11 2 25 15 15 24 17 15 24 23 23 23 23 15 11 24 27 25 27 31 31 25 33 31 33 2
13 5 5 5 13 8 6 5 11 11 5 13 0 15 13 17 15 19 17 13
5 1 5 5 14 5 8 6 11 11 8 14 14 0 14 14
2 0 11 5 11 8 8 5 11 11 2 25 15 15 24 17 15 24 23 23 23 23 15 11 24 27 25 27 31 31 25 33 31 33 2
13 5 5 5 13 8 6 5 11 11 5 13 0 15 13 17 15 19 17 13
5 1 5 5 14 14 8 6 11 11 8 14 14 0 14 14
2 0 11 5 11 8 8 5 11 11 2 25 15 15 24 17 15 24 23 23 23 23 15 11 24 27 25 27 31 31 25 33 31 33 2
13 5 5 5 13 8 6 5 11 11 5 13 0 15 13 17 15 19 17 13
5 1 5 5 14 5 8 6 11 11 8 14 14 0 14 14 18 16 18
2 0 11 5 11 8 8 5 11 11 2 25 15 15 24 17 15 24 23 23 23 23 15 11 24 27 25 27 31 31 25 33 31 33 2
13 5 5 5 13 8 6 5 11 11 5 13 0 15 13 17 15 19 17 13
5 1 5 5 14 5 8 6 11 11 8 14 14 0 14 14 18 16 18
2 0 11 5 11 8 8 5 11 11 2 25 15 15 24 17 15 24 23 23 23 23 15 11 24 27 25 27 31 31 25 33 31 33 2
13 5 5 5 13 8 6 5 11 11 5 13 0 15 13 17 15 19 17 13
5 1 5 5 14 5 8 6 11 11 8 14 14 0 14 14 18 16 22 22 22 16 24 22
2 0 11 5 11 8 8 5 11 11 2 25 15 15 24 17 15 24 23 23 23 23 15 11 24 27 25 27 31 31 25 33 31 33 2
13 5 5 5 13 8 6 5 11 11 5 13 0 15 13 17 15 19 17 13
5 1 5 5 14 5 8 6 11 11 8 14 14 0 14 14 18 16 22 22 22 16 24 22
2 0 11 5 11 8 8 5 11 11 2 25 15 15 24 17 15 24 23 23 23 23 15 11 24 27 25 27 31 31 25 33 31 33 2
13 5 5 5 13 8 6 5 11 11 5 13 0 15 13 17 15 19 17 13
5 1 5 5 14 5 8 6 11 11 8 14 14 0 14 14 18 16 22 22 22 16 24 22 27 27 22
2 0 11 5 11 8 8 5 11 11 2 25 15 15 24 17 15 24 23 23 23 23 15 11 24 27 25 27 31 31 25 33 31 33 2
13 5 5 5 13 8 6 5 11 11 5 13 0 15 13 17 15 19 17 13
14 1 5 6 14 14 8 6 11 11 8 14 14 0 14 14 18 16 22 22 22 16 24 22 27 27 22
2 0 11 5 11 8 8 5 11 11 2 25 15 15 24 17 15 24 23 23 23 23 15 11 24 27 25 27 31 31 25 33 31 33 2
13 5 5 5 13 8 6 5 11 11 5 13 0 15 13 17 15 19 17 13
6 6 6 6 6 14 8 6 11 11 8 14 14 0 14 14 18 16 22 22 22 16 24 22 27 27 22
2 0 11 5 11 8 8 5 11 11 2 25 15 15 24 17 15 24 23 23 23 23 15 11 24 27 25 27 31 31 25 33 31 33 2
13 5 5 5 13 8 6 5 11 11 5 13 0 15 13 17 15 19 17 13
6 6 6 6 6 15 8 6 11 11 8 6 15 15 0 15 15 19 17 23 23 23 17 25 23 28 28 23
2 0 11 5 11 8 8 5 11 11 2 25 15 15 24 17 15 24 23 23 23 23 15 11 24 27 25 27 31 31 25 33 31 33 2
13 5 5 5 13 8 6 5 11 11 5 13 0 15 13 17 15 19 17 13
6 6 6 6 6 15 8 6 11 11 8 6 15 15 0 15 15 19 17 23 23 23 17 23 27 27 23
2 0 11 5 11 8 8 5 11 11 2 25 15 15 24 17 15 24 23 23 23 23 15 11 24 27 25 27 31 31 25 33 31 33 2
13 5 5 5 13 8 6 5 11 11 5 13 0 15 13 17 15 19 17 13
6 6 6 6 6 15 8 6 11 11 8 6 15 15 0 15 15 19 17 21 19 24 24 17
2 0 11 5 11 8 8 5 11 11 2 25 15 15 24 17 15 24 23 23 23 23 15 11 24 27 25 27 31 31 25 33 31 33 2
13 5 5 5 13 8 6 5 11 11 5 13 0 15 13 17 15 19 17 13
6 6 6 6 6 15 8 6 11 11 8 6 15 15 0 15 15 19 17 28 28 28 28 28 28 28 28 17 31 31 28
2 0 11 5 11 8 8 5 11 11 2 25 15 15 24 17 15 24 23 23 23 23 15 11 24 27 25 27 31 31 25 33 31 33 2
13 5 5 5 13 8 6 5 11 11 5 13 0 15 13 17 15 19 17 13
6 6 6 6 6 15 8 6 11 11 8 6 15 15 0 15 15 19 17 28 28 28 28 28 28 28 28 17 31 31 28 15
