2 4 4 0 6 4 8 4 8
2 4 4 8 6 8 8 0 8
2 4 4 8 6 8 8 0 8 9 13 13
2 4 4 8 6 8 8 0 8 9 13 13
2 4 4 15 6 4 8 0 8 9 13 13 9 15 8 15 18 15
2 4 4 8 6 8 8 0 8 9 13 13 9 16 16 8 16 19 16
2 4 4 8 6 8 8 0 8 9 13 13 9 16 16 8 16 19 16 19 8
4 1 4
2 4 4 8 6 8 8 0 8 9 13 13 9 16 16 8 16 19 16 19 8
4 1 4
2 4 4 8 6 8 8 0 8 9 13 13 9 16 16 8 16 19 16 19 8
4 1 4 0 7 7 4 10 10 7 12 4 14
2 4 4 8 6 8 8 0 8 9 13 13 9 16 16 8 16 19 16 19 8
4 1 4 0 7 7 4 10 10 7 12 4 14
2 4 4 8 6 8 8 0 8 9 13 13 9 16 16 8 16 19 16 19 8
4 1 4 0 7 7 4 10 10 7 12 4 14 12 4
2 0
2 4 4 8 6 8 8 0 8 9 13 13 9 16 16 8 16 19 16 19 8
4 1 4 0 7 7 4 10 10 7 12 4 14 12 4
2 0
2 4 4 8 6 8 8 0 8 9 13 13 9 16 16 8 16 19 16 19 8
4 1 4 0 7 7 4 10 10 7 12 4 14 12 4
2 0
2 4 4 8 6 8 8 0 8 9 13 13 9 16 16 8 16 19 16 19 8
4 1 4 0 7 7 4 10 10 7 12 4 14 12 4
2 0
2 4 4 8 6 8 8 0 8 9 13 13 9 16 16 8 16 19 16 19 8
4 1 4 0 7 7 4 10 10 7 12 4 14 12 4
2 0 2 5
2 4 4 8 6 8 8 0 8 9 13 13 9 16 16 8 16 19 16 19 8
4 1 4 0 7 7 4 10 10 7 12 4 14 12 4
2 0 2 5
2 4 4 8 6 8 8 0 8 9 13 13 9 16 16 8 16 19 16 19 8
4 1 4 0 7 7 4 10 10 7 12 4 14 12 4
2 0 2 5 3 2
2 0 2 5 2 8 8
2 4 4 8 6 8 8 0 8 9 13 13 9 16 16 8 16 19 16 19 8
4 1 4 0 7 7 4 10 10 7 12 4 14 12 4
2 0 2 5 3 2
2 0 2 5 2 8 8
2 4 4 8 6 8 8 0 8 9 13 13 9 16 16 8 16 19 16 19 8
4 1 4 0 7 7 4 10 10 7 12 4 14 12 4
2 0 2 5 3 2
2 0 2 5 2 8 8 5
2 4 4 8 6 8 8 0 8 9 13 13 9 16 16 8 16 19 16 19 8
4 1 4 0 7 7 4 10 10 7 12 4 14 12 4
2 0 2 5 3 2
2 0 2 5 2 8 8
2 4 4 8 6 8 8 0 8 9 13 13 9 16 16 8 16 19 16 19 8
4 1 4 0 7 7 4 10 10 7 12 4 14 12 4
2 0 2 5 3 2
2 0 2 5 2 8 8 5 2
2 4 4 8 6 8 8 0 8 9 13 13 9 16 16 8 16 19 16 19 8
4 1 4 0 7 7 4 10 10 7 12 4 14 12 4
2 0 2 5 3 2
2 0 2 5 2 8 8 5 2
2 4 4 8 6 8 8 0 8 9 13 13 9 16 16 8 16 19 16 19 8
4 1 4 0 7 7 4 10 10 7 12 4 14 12 4
2 0 2 5 3 2
2 0 2 5 2 8 8 5 2
4 4 4 7 7 7 0 7
2 4 4 8 6 8 8 0 8 9 13 13 9 16 16 8 16 19 16 19 8
4 1 4 0 7 7 4 10 10 7 12 4 14 12 4
2 0 2 5 3 2
2 0 2 5 2 8 8 5 2
4 4 4 7 7 7 0
2 4 4 8 6 8 8 0 8 9 13 13 9 16 16 8 16 19 16 19 8
4 1 4 0 7 7 4 10 10 7 12 4 14 12 4
2 0 2 5 3 2
2 0 2 5 2 8 8 5 2
4 4 4 7 7 7 0 7
2
2 4 4 8 6 8 8 0 8 9 13 13 9 16 16 8 16 19 16 19 8
4 1 4 0 7 7 4 10 10 7 12 4 14 12 4
2 0 2 5 3 2
2 0 2 5 2 8 8 5 2
4 4 4 7 7 7 0 7
2 4 4 8 6 8 8 0 8 9 13 13 9 16 16 8 16 19 16 19 8
4 1 4 0 7 7 4 10 10 7 12 4 14 12 4
2 0 2 5 3 2
2 0 2 5 2 8 8 5 2
4 4 4 7 7 7 0 7
2 0 10 8 8 8 8 10 10 2 10
2 4 4 8 6 8 8 0 8 9 13 13 9 16 16 8 16 19 16 19 8
4 1 4 0 7 7 4 10 10 7 12 4 14 12 4
2 0 2 5 3 2
2 0 2 5 2 8 8 5 2
4 4 4 7 7 7 0 7
2 0 10 8 8 8 8 10 10 2
2 4 4 8 6 8 8 0 8 9 13 13 9 16 16 8 16 19 16 19 8
4 1 4 0 7 7 4 10 10 7 12 4 14 12 4
2 0 2 5 3 2
2 0 2 5 2 8 8 5 2
4 4 4 7 7 7 0 7
