2 0
2 0
5 5 5 5 0
4 4 4 0
5 5 5 5 0 7 5 7
5 5 5 5 0 7 5
5 5 5 5 0 7 5 7
5 5 5 5 0 7 5 7
5 5 5 5 0 7 5 7 10 5
5 5 5 5 0 7 5 7 5
5 5 5 5 0 7 5 7 10 5 10
5 5 5 5 0 7 5 7 10 5 5
5 5 5 5 0 7 5 7 10 5 12 10 14 5 14
5 5 5 5 0 7 5 7 10 5 12 10
5 5 5 5 0 7 5 7 10 5 12 10 12 12
5 5 5 5 0 7 5 7 10 5 12 10
5 5 5 5 0 7 5 7 10 5 16 16 16 16 16 5 19 19
2 5 5 5 0 7 5 7 10 5 16 16 16 16 16 5 18
5 5 5 5 0 7 5 7 10 5 16 16 16 16 16 5 19 19
5 5 5 5 0 7 5 7 10 5 12 10
5 5 5 5 0 7 5 7 10 5 12 10 14 5 16 14 19 19 22 22 22 14 22
5 5 5 5 0 7 5 7 10 5 12 10 14 5 16 14 19 19 22 22 22 14 22
5 5 5 5 0 7 5 7 10 5 12 10 14 5 16 14 19 19 22 22 22 14 22 23
5 5 5 5 0 7 5 7 10 5 12 10 14 5 16 14 19 19 22 22 22 14 22
5 5 5 5 0 7 5 7 10 5 12 10 14 5 16 14 19 19 22 22 22 14 22 23 5
5 5 5 5 0 7 5 7 10 5 12 10 14 5 16 14 19 19 22 22 22 14 22 23
5 5 5 5 0 7 5 7 10 5 12 10 14 5 16 14 19 19 22 22 22 5 22 22 26 22 28 26 30 28 30 33 30 33 33 5
5 5 5 5 0 7 5 7 10 5 12 10 14 5 16 14 19 19 22 22 22 5 22 22 26 22 28 26 30 28 30 33 30 33 33
5 5 5 5 0 7 5 7 10 5 12 10 14 5 16 14 19 19 22 22 22 5 22 22 26 22 28 26 30 28 30 33 30 33 33 34 38 33 5
5 5 5 5 0 7 5 7 10 5 12 10 14 5 16 14 19 19 22 22 22 5 22 22 26 22 28 26 30 28 30 33 30 33 33 34 38 33
5 5 5 5 0 7 5 7 10 5 12 10 14 5 16 14 19 19 14 22 22 5 22 22 26 22 28 26 30 28 30 33 30 33 33 38 38 33 38
5 5 5 5 0 7 5 7 10 5 12 10 14 5 16 14 19 19 22 22 22 5 22 22 26 22 28 26 30 28 30 33 30 33 33 38 38 30 38
5 5 5 5 0 7 5 7 10 5 12 10 14 5 16 14 19 19 14 22 22 5 22 22 26 22 28 26 30 28 30 33 30 33 33 38 38 30 40 38 40
5 5 5 5 0 7 5 7 10 5 12 10 14 5 16 14 19 19 14 22 22 5 22 22 26 22 28 26 30 28 30 33 30 33 33 38 38 33 40 38 40
5 5 5 5 0 7 5 7 10 5 12 10 14 5 16 14 19 19 14 22 22 5 22 22 26 22 28 26 30 28 30 33 30 33 33 38 38 30 40 38 38 41
5 5 5 5 0 7 5 7 10 5 12 10 14 5 16 14 19 19 14 22 22 5 22 22 26 22 28 26 30 28 30 33 30 33 33 38 38 33 40 38 40
5 5 5 5 0 7 5 7 10 5 12 10 14 5 16 14 19 19 14 22 22 5 22 22 26 22 28 26 30 28 30 33 30 33 33 38 38 30 40 38 38 43 38 43 48 48 48 43
5 5 5 5 0 7 5 7 10 5 12 10 14 5 16 14 19 19 14 22 22 5 22 22 26 22 28 26 30 28 30 33 30 33 33 38 38 30 40 38 38 43 38 43 43 48 48 38
5 5 5 5 0 7 5 5 10 5 12 10 14 5 16 14 19 19 14 22 22 5 22 22 26 22 28 26 30 28 30 33 30 33 38 38 38 33 40 38 38 43 48 48 48 48 48 38 50 48 50 48
5 5 5 5 0 7 5 7 10 5 12 10 14 5 16 14 19 19 14 22 22 5 22 22 26 22 28 26 30 28 30 33 30 33 33 38 38 33 40 38 43 43 38 43 48 48 48 38 50 48 50
5 5 5 5 0 7 5 7 10 5 12 10 14 5 16 14 19 19 14 22 22 5 22 22 26 22 28 26 30 28 30 33 30 33 33 38 38 33 40 38 38 43 48 43 48 48 48 38 50 48 50 53 48 53
5 5 5 5 0 7 5 7 10 5 12 10 14 5 16 14 19 19 14 22 22 5 22 22 26 22 28 26 30 28 30 33 30 33 33 38 38 33 40 38 38 43 48 43 48 48 48 38 50 48 50 53 48
5 5 5 5 0 7 5 7 10 5 12 10 14 5 16 14 19 19 14 22 22 5 22 22 26 22 28 26 30 28 30 33 30 33 33 38 38 33 40 38 38 43 48 43 48 48 48 38 50 48 50 53 48 53 57 57 53 60 60
5 5 5 5 0 7 5 7 10 5 12 10 14 5 16 14 19 19 14 22 22 5 22 22 26 22 28 26 30 28 30 33 30 33 33 38 38 33 40 38 38 43 48 43 48 48 48 38 50 48 50 53 48 53 57 57 53 60 60
5 5 5 5 0 7 5 7 10 5 12 10 14 5 16 14 19 19 14 22 22 5 22 22 26 22 28 26 30 28 30 33 30 33 33 38 38 33 40 38 38 43 48 43 48 48 48 38 50 48 50 53 48 53 57 57 53 60 60 48
5 5 5 5 0 7 5 7 10 5 12 10 14 5 16 14 19 19 14 22 22 5 22 22 26 22 28 26 30 28 30 33 30 33 33 38 38 33 40 38 38 43 48 43 48 48 48 38 50 48 50 53 48 53 57 57 53 60 60 48
5 5 5 5 0 7 5 7 10 5 12 10 14 5 16 14 19 19 14 22 22 5 22 22 26 22 28 26 30 28 30 33 30 33 38 38 38 33 40 38 38 43 48 43 48 48 48 38 50 48 53 53 48 53 57 57 53 60 60 48 60
5 5 5 5 0 7 5 7 10 5 12 10 14 5 16 14 19 19 14 22 22 5 22 22 26 22 28 26 30 28 30 33 30 33 38 38 38 33 40 38 38 43 48 43 48 48 48 38 50 48 50 53 48 53 57 57 53 60 60 48 60
2 5 5 5 0 7 5 5 10 5 12 10 14 22 16 14 19 19 14 22 22 5 22 22 26 22 28 26 30 28 30 33 38 38 38 38 38 30 40 38 38 43 38 43 48 48 48 38 50 48 50 53 60 53 57 57 53 60 60 48 60 64 64 60 66 60 60 70 70 67 74 74 74 84 77 77 74 81 81 81 84 84 84 60 86 84 88 86 90
2 5 5 5 0 7 5 7 10 5 12 10 14 22 16 14 19 19 14 22 22 5 22 22 26 22 28 26 30 28 30 33 30 38 38 38 38 30 40 38 38 43 38 43 48 48 48 38 50 48 50 53 60 53 57 57 53 60 60 48 60 64 64 60 66 60 60 70 70 67 74 74 74 67 77 77 74 81 81 81 84 84 84 74 86 84 88
2 5 5 5 0 7 5 7 10 5 12 10 14 22 16 14 19 19 14 22 22 5 22 22 26 22 28 26 30 28 30 33 30 38 38 38 38 30 40 38 38 43 38 43 48 48 48 38 50 48 50 53 60 53 57 57 53 60 60 48 60 64 64 60 66 60 60 70 70 67 74 74 74 67 77 77 74 81 81 81 84 84 84 74 86 84 88
2 5 5 5 0 7 5 7 10 5 12 10 14 22 16 14 19 19 14 22 22 5 22 22 26 22 28 26 30 28 30 33 30 38 38 38 38 30 40 38 38 43 38 43 48 48 48 38 50 48 50 53 60 53 57 57 53 60 60 48 60 64 64 60 66 60 60 70 70 67 74 74 74 67 77 77 74 81 81 81 84 84 84 74 86 84 88
2 5 5 5 0 7 5 5 10 5 12 10 14 22 16 14 19 19 14 22 22 5 22 22 26 22 28 26 30 28 30 33 30 38 38 38 38 30 40 38 38 43 38 43 48 48 48 38 50 48 50 53 60 53 57 57 53 60 60 48 60 64 64 60 66 60 60 70 70 67 74 74 74 84 77 77 74 81 81 81 84 84 84 60 86 84 88 86
2 5 5 5 0 7 5 7 10 5 12 10 14 22 16 14 19 19 14 22 22 5 22 22 26 22 28 26 30 28 30 33 30 38 38 38 38 30 40 38 38 43 38 43 48 48 48 38 50 48 50 53 60 53 57 57 53 60 60 48 60 64 64 60 66 60 60 70 70 67 74 74 74 67 77 77 74 81 81 81 84 84 84 74 86 84 88
5 5 5 5 0 7 5 5 10 5 12 10 14 22 16 14 19 19 14 22 22 5 22 22 26 22 28 22 30 28 30 33 38 38 38 38 38 30 40 38 38 43 38 43 48 48 48 38 50 48 50 53 60 53 57 57 53 60 60 48 60 64 64 60 66 60 60 70 70 67 74 74 74 84 77 77 74 81 81 81 84 84 84 60 86 84 88 86 86 91 84 91 94 91 97 97 94 97
5 5 5 5 0 7 5 5 10 5 12 10 14 22 16 14 19 19 14 22 22 5 22 22 26 22 28 26 30 28 30 33 38 38 38 38 38 28 40 38 38 43 38 43 48 48 48 38 50 48 50 53 60 53 57 57 53 60 60 48 60 64 64 60 67 60 60 70 70 67 74 74 74 84 77 77 74 81 81 81 84 84 84 5 86 84 88 86 86 91 84 91 94 91 97 97 94
5 5 5 5 0 7 5 7 10 5 12 10 14 22 16 14 19 19 14 22 22 5 22 22 26 22 28 26 30 28 30 33 38 38 38 38 38 28 40 38 38 43 38 43 48 48 48 38 50 48 50 53 60 53 57 57 53 60 60 48 60 64 64 60 66 60 60 70 70 67 74 74 74 84 77 77 74 81 81 81 84 84 84 5 86 84 88 86 86 91 84 91 94 91 97 97 94 99
5 5 5 5 0 7 5 5 10 5 12 10 14 22 16 14 19 19 14 22 22 5 22 22 26 22 28 22 30 28 30 33 38 38 38 38 38 28 40 38 38 43 38 43 48 48 48 38 50 48 50 53 60 53 57 57 53 60 60 48 60 64 64 60 67 60 60 70 70 67 74 74 74 84 77 77 74 81 81 84 84 84 84 3 86 84 88 86 86 91 84 91 94 91 97 97 94 99
