2 0
3 3 0 5 3 5
3 3 0 5 3
3 3 0 5 3 3 12 12 12 12 12 6 14 12 14 15
3 3 0 5 3 3 12 12 12 12 12 6 14 12 14 15
3 3 0 5 3 3 12 12 12 12 12 6 15 15 12 17 15 19 17
3 3 0 5 3 3 12 12 12 12 12 6 15 15 12 17 15 17
3 3 0 5 3 3 12 12 12 12 12 6 15 15 12 17 15 19 17 21 19 24 24 17 26 24
3 3 0 5 3 3 12 12 12 12 12 6 15 15 12 17 15 19 17 21 19 24 24 17 26 24
3 3 0 5 3 3 12 12 12 12 12 6 15 15 12 17 15 19 17 21 19 24 24 17 26 24 28 26
3 3 0 5 3 3 12 12 12 12 12 6 15 15 12 17 15 19 17 21 19 24 24 17 26 24 28 3
3 3 0 5 3 3 12 12 12 12 12 6 15 15 12 17 15 19 17 21 19 24 24 17 26 24 28 26 3
3 3 0 5 3 3 12 12 12 12 12 6 15 15 12 17 15 19 17 21 19 24 24 17 26 24 3
3 3 0 5 3 3 12 12 12 12 12 6 15 15 12 17 15 19 17 21 19 24 24 17 26 24 29 29 26
3 3 0 5 3 3 12 12 12 12 12 6 15 15 12 17 15 19 17 21 19 24 24 17 26 24 29 29 26
3 3 0 5 3 3 12 12 12 12 12 6 15 15 12 17 15 19 17 21 19 24 24 17 26 24 29 29 26 32 32 29 35 35 32 3
3 3 0 5 3 3 12 12 12 12 12 6 15 15 12 17 15 19 17 21 19 24 24 17 26 24 29 29 26 32 32 29 35 35 32 3
3 3 0 5 3 3 12 12 12 12 12 6 15 15 12 17 15 19 17 21 19 24 24 17 26 24 29 29 26 32 32 29 35 35 32 3
0
3 3 0 5 3 3 12 12 12 12 12 6 15 15 12 17 15 19 17 21 19 24 24 17 26 24 29 29 26 32 32 29 35 35 32 3
0
3 3 0 3 3 11 11 11 11 11 5 14 14 11 16 14 18 16 20 18 23 23 16 25 23 28 28 25 31 31 28 34 34 31 3
0
3 3 0 5 3 3 12 12 12 12 12 6 15 15 12 17 15 19 17 21 19 24 24 17 26 24 29 29 26 32 32 29 35 35 32 3
0
3 3 0 5 3 3 12 12 12 12 12 6 15 15 12 17 15 19 17 21 19 24 24 17 26 24 29 29 26 32 32 29 35 35 32 3
0
3 3 0 5 3 3 12 12 12 12 12 6 14 12 16 14 18 16 20 18 23 23 16 25 23 28 28 25 31 31 28 34 34 31 3
0
3 3 0 5 3 3 12 12 12 12 12 6 14 12 16 14 18 16 20 18 23 23 16 25 23 28 28 25 31 31 28 34 34 31 3
0
3 3 0 5 3 3 12 12 12 12 12 6 14 12 16 14 18 16 20 18 23 23 16 25 23 28 28 25 31 31 28 34 34 31 3
0
3 3 0 5 3 3 12 12 12 12 12 6 14 12 16 14 18 16 20 18 23 23 16 25 23 28 28 25 31 31 28 34 34 31 3
5 5 5 5 0 7 5 12 10 12 12 5 12 16 16 12 20 20 20 12
3 3 6 3 6 0
3 3 0 5 3 3 12 12 12 12 12 6 14 12 16 14 18 16 20 18 23 23 16 25 23 28 28 25 31 31 28 34 34 31 3
5 5 5 5 0 7 5 12 10 12 12 5 12 16 16 12 20 20 20 12
3 3 0 3
3 3 0 5 3 3 12 12 12 12 12 6 14 12 16 14 18 16 20 18 23 23 16 25 23 28 28 25 31 31 28 34 34 31 3
5 5 5 5 0 7 5 12 10 12 12 5 12 16 16 12 20 20 20 12
3 3 7 3 6 7 0
3 3 0 5 3 3 12 12 12 12 12 6 14 12 16 14 18 16 20 18 23 23 16 25 23 28 28 25 31 31 28 34 34 31 3
5 5 5 5 0 7 5 12 10 12 12 5 12 16 16 12 20 20 20 12
3 3 6 3 6 0
3 3 0 5 3 3 12 12 12 12 12 6 14 12 16 14 18 16 20 18 23 23 16 25 23 28 28 25 31 31 28 34 34 31 3
5 5 5 5 0 7 5 12 10 12 12 5 12 16 16 12 20 20 20 12
3 3 6 3 6 0 9 9 6
3 3 0 5 3 3 12 12 12 12 12 6 14 12 16 14 18 16 20 18 23 23 16 25 23 28 28 25 31 31 28 34 34 31 3
5 5 5 5 0 7 5 12 10 12 12 5 12 16 16 12 20 20 20 12
3 3 6 3 6 0
3 3 0 5 3 3 12 12 12 12 12 6 14 12 16 14 18 16 20 18 23 23 16 25 23 28 28 25 31 31 28 34 34 31 3
5 5 5 5 0 7 5 12 10 12 12 5 12 16 16 12 20 20 20 12
3 3 6 3 6 0 9 9 6 9 13 13 6 17 14 17
3 3 0 5 3 3 12 12 12 12 12 6 14 12 16 14 18 16 20 18 23 23 16 25 23 28 28 25 31 31 28 34 34 31 3
5 5 5 5 0 7 5 12 10 12 12 5 12 16 16 12 20 20 20 12
3 3 6 3 6 0 9 9 6 9 13 13 6 16 16 13
3 3 0 5 3 3 12 12 12 12 12 6 14 12 16 14 18 16 20 18 23 23 16 25 23 28 28 25 31 31 28 34 34 31 3
5 5 5 5 0 7 5 12 10 12 12 5 12 16 16 12 20 20 20 12
3 3 6 3 6 0 9 9 6 9 13 13 6 17 16 17
3 3 0 5 3 3 12 12 12 12 12 6 14 12 16 14 18 16 20 18 23 23 16 25 23 28 28 25 31 31 28 34 34 31 3
5 5 5 5 0 7 5 12 10 12 12 5 12 16 16 12 20 20 20 12
3 3 6 3 6 0 9 9 6 9 13 13 6 16 16
3 3 0 5 3 3 12 12 12 12 12 6 14 12 16 14 18 16 20 18 23 23 16 25 23 28 28 25 31 31 28 34 34 31 3
5 5 5 5 0 7 5 12 10 12 12 5 12 16 16 12 20 20 20 12
3 3 17 3 6 17 9 9 6 9 13 13 6 13 14 17 0 19 17 22 22 19
3 3 0 5 3 3 12 12 12 12 12 6 14 12 16 14 18 16 20 18 23 23 16 25 23 28 28 25 31 31 28 34 34 31 3
5 5 5 5 0 7 5 12 10 12 12 5 12 16 16 12 20 20 20 12
3 3 17 3 6 17 9 9 6 9 13 13 6 13 14 17 0 19 17 22 22 19
3 3 0 5 3 3 12 12 12 12 12 6 14 12 16 14 18 16 20 18 23 23 16 25 23 28 28 25 31 31 28 34 34 31 3
5 5 5 5 0 7 5 12 10 12 12 5 12 16 16 12 20 20 20 12
3 3 17 3 6 17 9 9 6 9 13 13 6 13 14 17 0 19 17 23 23 23 19 23 27 27 24 29 27 31 29 36 32 36 37 29
3 3 0 5 3 3 12 12 12 12 12 6 14 12 16 14 18 16 20 18 23 23 16 25 23 28 28 25 31 31 28 34 34 31 3
5 5 5 5 0 7 5 12 10 12 12 5 12 16 16 12 20 20 20 12
3 3 18 3 7 7 18 10 10 7 10 14 14 7 14 15 18 0 20 18 24 24 24 20 24 28 28 25 30 28 32 30 37 33 37 38
3 3 0 5 3 3 12 12 12 12 12 6 14 12 16 14 18 16 20 18 23 23 16 25 23 28 28 25 31 31 28 34 34 31 3
5 5 5 5 0 7 5 12 10 12 12 5 12 16 16 12 20 20 20 12
3 3 18 3 7 7 18 10 10 7 10 14 14 7 14 15 18 0 20 18 24 24 24 20 24 28 28 25 30 28 32 30 37 33 37 38 30
3 3 0 5 3 3 12 12 12 12 12 6 14 12 16 14 18 16 20 18 23 23 16 25 23 28 28 25 31 31 28 34 34 31 3
5 5 5 5 0 7 5 12 10 12 12 5 12 16 16 12 20 20 20 12
3 3 18 3 7 7 18 10 10 7 10 14 14 7 14 15 18 0 20 18 24 24 24 20 24 28 28 25 30 28 32 30 37 33 37 38 30
3 3 0 5 3 3 12 12 12 12 12 6 14 12 16 14 18 16 20 18 23 23 16 25 23 28 28 25 31 31 28 34 34 31 3
5 5 5 5 0 7 5 12 10 12 12 5 12 16 16 12 20 20 20 12
3 3 18 3 7 7 18 7 10 7 10 14 14 7 14 15 18 0 20 18 24 24 24 20 24 28 28 25 30 28 32 30 37 33 37 38 30
3 3 0 5 3 3 12 12 12 12 12 6 14 12 16 14 18 16 20 18 23 23 16 25 23 28 28 25 31 31 28 34 34 31 3
5 5 5 5 0 7 5 12 10 12 12 5 12 16 16 12 20 20 20 12
3 3 18 3 7 7 18 7 10 7 10 14 14 7 14 15 18 0 20 18 24 24 24 20 24 28 28 25 30 28 32 30 37 33 37 38 30
3 3 0 5 3 3 12 12 12 12 12 6 14 12 16 14 18 16 20 18 23 23 16 25 23 28 28 25 31 31 28 34 34 31 3
5 5 5 5 0 7 5 12 10 12 12 5 12 16 16 12 20 20 20 12
3 3 7 3 7 7 0 7 10 7 15 13 15 15 7 18 18 15 18 22 22 18 26 23 26 15 28 26 32 32 32 28 32 36 36 33 38 36 40 38 45 41 45 46 38
3 3 0 5 3 3 12 12 12 12 12 6 14 12 16 14 18 16 20 18 23 23 16 25 23 28 28 25 31 31 28 34 34 31 3
5 5 5 5 0 7 5 12 10 12 12 5 12 16 16 12 20 20 20 12
3 3 7 3 7 7 0 7 10 7 24 14 14 24 16 14 16 20 20 16 23 21 24 7 26 24 30 30 30 26 30 34 34 31 36 34 38 36 43 39 43 44 36
3 3 0 5 3 3 12 12 12 12 12 6 14 12 16 14 18 16 20 18 23 23 16 25 23 28 28 25 31 31 28 34 34 31 3
5 5 5 5 0 7 5 12 10 12 12 5 12 16 16 12 20 20 20 12
3 3 7 3 7 7 0 7 10 7 24 13 24 13 16 13 16 20 20 16 23 21 24 7 26 24 30 30 30 26 30 34 34 31 36 34 38 36 43 39 43 44 36
3 3 0 5 3 3 12 12 12 12 12 6 14 12 16 14 18 16 20 18 23 23 16 25 23 28 28 25 31 31 28 34 34 31 3
5 5 5 5 0 7 5 12 10 12 12 5 12 16 16 12 20 20 20 12
3 3 7 3 7 7 0 7 10 7 24 14 14 24 16 14 16 20 20 16 23 21 24 7 26 24 30 30 30 26 30 34 34 31 36 34 38 36 43 39 43 44 36
3 3 0 5 3 3 12 12 12 12 12 6 14 12 16 14 18 16 20 18 23 23 16 25 23 28 28 25 31 31 28 34 34 31 3
5 5 5 5 0 7 5 12 10 12 12 5 12 16 16 12 20 20 20 12
3 3 7 3 7 7 0 7 10 7 16 13 16 16 16 7 18 16 18 22 22 18 26 23 26 16 28 26 32 32 32 28 32 36 36 33 38 36 40 38 45 41 45 46 38
3 3 0 5 3 3 12 12 12 12 12 6 14 12 16 14 18 16 20 18 23 23 16 25 23 28 28 25 31 31 28 34 34 31 3
5 5 5 5 0 7 5 12 10 12 12 5 12 16 16 12 20 20 20 12
3 3 7 3 7 7 0 7 10 7 15 13 15 15 7 18 18 15 18 22 22 18 26 23 26 15 28 26 32 32 32 28 32 36 36 33 38 36 40 38 45 41 45 46 38
3 3 0 5 3 3 12 12 12 12 12 6 14 12 16 14 18 16 20 18 23 23 16 25 23 28 28 25 31 31 28 34 34 31 3
5 5 5 5 0 7 5 12 10 12 12 5 12 16 16 12 20 20 20 12
3 3 7 3 7 7 0 7 10 7 16 13 16 16 16 7 18 16 21 21 16 21 25 25 21 29 26 29 16 31 29 35 35 35 31 35 39 39 36 41 39 43 41 48 44 48 49 41
3 3 0 5 3 3 12 12 12 12 12 6 14 12 16 14 18 16 20 18 23 23 16 25 23 28 28 25 31 31 28 34 34 31 3
5 5 5 5 0 7 5 12 10 12 12 5 12 16 16 12 20 20 20 12
3 3 7 3 7 7 0 7 10 7 16 13 16 16 16 7 18 16 20 16
3 3 0 5 3 3 12 12 12 12 12 6 14 12 16 14 18 16 20 18 23 23 16 25 23 28 28 25 31 31 28 34 34 31 3
5 5 5 5 0 7 5 12 10 12 12 5 12 16 16 12 20 20 20 12
3 3 7 3 7 7 0 7 10 7 16 13 16 16 16 7 18 16
3 3 0 5 3 3 12 12 12 12 12 6 14 12 16 14 18 16 20 18 23 23 16 25 23 28 28 25 31 31 28 34 34 31 3
5 5 5 5 0 7 5 12 10 12 12 5 12 16 16 12 20 20 20 12
3 3 7 3 7 7 0 7 10 7 16 13 16 16 16 7 18 16 21 21 16 24 24 16 31 28 28 24 28 31 28 33 31 33
3 3 0 5 3 3 12 12 12 12 12 6 14 12 16 14 18 16 20 18 23 23 16 25 23 28 28 25 31 31 28 34 34 31 3
5 5 5 5 0 7 5 12 10 12 12 5 12 16 16 12 20 20 20 12
3 3 7 3 7 7 0 7 10 7 16 13 16 16 16 7 18 16 21 21 16 24 24 16 31 28 28 24 28 31 28 33 31
3 3 0 5 3 3 12 12 12 12 12 6 14 12 16 14 18 16 20 18 23 23 16 25 23 28 28 25 31 31 28 34 34 31 3
3 3 8 3 8 8 8 0 10 8 15 13 15 15 8 15 19 19 15 23 23 23 15
3 3 7 3 7 7 0 7 10 7 16 13 16 16 16 7 18 16 21 21 16 24 24 16 31 28 28 24 28 31 28 33 31
3 3 0 5 3 3 12 12 12 12 12 6 14 12 16 14 18 16 20 18 23 23 16 25 23 28 28 25 31 31 28 34 34 31 3
3 3 8 3 8 8 8 0 10 8 15 13 15 15 8 15 19 19 15 23 23 23 15
3 3 7 3 7 7 0 10 10 7 13 13 10 16 16 7 16 19 16 25 22 25 25 25 7 27 25 30 30 25 33 33 25 40 37 37 33 37 40 37 42
3 3 0 5 3 3 12 12 12 12 12 6 14 12 16 14 18 16 20 18 23 23 16 25 23 28 28 25 31 31 28 34 34 31 3
3 3 8 3 8 8 8 0 10 8 15 13 15 15 8 15 19 19 15 23 23 23 15
3 3 7 3 7 7 0 10 10 7 13 13 10 16 16 7 16 19 16 25 22 25 25 25 7 27 25 30 30 25 33 33 25 37 37 37 33 37 41 41 37 43
3 3 0 5 3 3 12 12 12 12 12 6 14 12 16 14 18 16 20 18 23 23 16 25 23 28 28 25 31 31 28 34 34 31 3
3 3 8 3 8 8 8 0 10 8 15 13 15 15 8 15 19 19 15 23 23 23 15
3 3 7 3 7 7 0 10 10 7 13 13 10 16 16 7 16 19 16 25 22 25 25 25 7 27 25 30 30 25 33 33 25 37 37 37 33 37 41 41 37 43
3 3 0 5 3 3 12 12 12 12 12 6 14 12 16 14 18 16 20 18 23 23 16 25 23 28 28 25 31 31 28 34 34 31 3
3 3 8 3 8 8 8 0 10 8 15 13 15 15 8 15 19 19 15 23 23 23 15
3 3 7 3 7 7 0 10 10 7 13 13 10 16 16 7 16 19 16 25 22 25 25 25 7 27 25 30 30 25 33 33 25 37 37 37 33 37 40 37 42 40 44
3 3 0 5 3 3 12 12 12 12 12 6 14 12 16 14 18 16 20 18 23 23 16 25 23 28 28 25 31 31 28 34 34 31 3
3 3 8 3 8 8 8 0 10 8 15 13 15 15 8 15 19 19 15 23 23 23 15
3 3 7 3 7 7 0 10 10 7 13 13 10 16 16 7 16 19 16 25 22 25 25 25 7 27 25 30 30 25 33 33 25 37 37 37 33 37 40 42 42 37 44 42 49 49 49 49 42 53 53 53 49 56 56 53
3 3 0 5 3 3 12 12 12 12 12 6 14 12 16 14 18 16 20 18 23 23 16 25 23 28 28 25 31 31 28 34 34 31 3
3 3 8 3 8 8 8 0 10 8 15 13 15 15 8 15 19 19 15 23 23 23 15
3 3 7 3 7 7 0 10 10 7 13 13 10 16 16 7 16 19 16 25 22 25 25 25 7 27 25 30 30 25 33 33 25 37 37 37 33 37 40 42 42 37 44 42 49 49 49 49 42 53 53 53 49 56 56 53
3 3 0 5 3 3 12 12 12 12 12 6 14 12 16 14 18 16 20 18 23 23 16 25 23 28 28 25 31 31 28 34 34 31 3
3 3 8 3 8 8 8 0 10 8 15 13 15 15 8 15 19 19 15 23 23 23 15
3 3 7 3 7 7 0 10 10 7 13 13 10 16 16 7 16 19 16 25 22 25 25 25 7 27 25 30 30 25 33 33 25 37 37 37 33 37 40 42 42 37 44 42 49 49 49 49 42 53 53 53 49 56 56 53
3 3 0 5 3 3 12 12 12 12 12 6 14 12 16 14 18 16 20 18 23 23 16 25 23 28 28 25 31 31 28 34 34 31 3
3 3 8 3 8 8 8 0 10 8 15 13 15 15 8 15 19 19 15 23 23 23 15
3 3 7 3 7 7 0 10 10 7 13 13 10 16 16 7 16 19 16 25 22 25 25 25 7 27 25 30 30 25 33 33 25 37 37 37 33 37 40 37 42 40 44 42 49 49 49 49 42 53 53 53 49 56 56 53 58
3 3 0 5 3 3 12 12 12 12 12 6 14 12 16 14 18 16 20 18 23 23 16 25 23 28 28 25 31 31 28 34 34 31 3
3 3 8 3 8 8 8 0 10 8 15 13 15 15 8 15 19 19 15 23 23 23 15
3 3 7 3 7 7 0 10 10 7 13 13 10 16 16 7 16 19 16 25 22 25 25 25 7 27 25 30 30 25 33 33 25 37 37 37 33 37 40 37 42 40 44 42 49 49 49 49 42 53 53 53 49 56 56 53 59 59 53
3 3 0 5 3 3 12 12 12 12 12 6 14 12 16 14 18 16 20 18 23 23 16 25 23 28 28 25 31 31 28 34 34 31 3
3 3 8 3 8 8 8 0 10 8 15 13 15 15 8 15 19 19 15 23 23 23 15
3 3 7 3 7 7 0 10 10 7 13 13 10 16 16 7 16 19 16 25 22 25 25 25 7 27 25 30 30 25 33 33 25 37 37 37 33 37 40 37 42 40 44 42 49 49 49 49 42 53 53 53 49 56 56 53 59 59 53
3 3 0 5 3 3 12 12 12 12 12 6 14 12 16 14 18 16 20 18 23 23 16 25 23 28 28 25 31 31 28 34 34 31 3
3 3 8 3 8 8 8 0 10 8 15 13 15 15 8 15 19 19 15 23 23 23 15
3 3 7 3 7 7 0 10 10 7 13 13 10 16 16 7 16 19 16 25 22 25 25 25 7 27 25 30 30 25 33 33 25 37 37 37 33 37 40 37 42 40 44 42 49 49 49 49 42 53 53 53 49 56 56 53 59 59 53
3 3 0 5 3 3 12 12 12 12 12 6 14 12 16 14 18 16 20 18 23 23 16 25 23 28 28 25 31 31 28 34 34 31 3
3 3 8 3 8 8 8 0 10 8 15 13 15 15 8 15 19 19 15 23 23 23 15
3 3 7 3 7 7 0 10 10 7 13 13 10 16 16 7 16 19 16 25 22 25 25 25 7 27 25 30 30 25 33 33 25 37 37 37 33 37 40 37 42 40 44 42 49 49 49 49 42 53 53 53 49 56 56 53 59 59 53
3 3 0 5 3 3 12 12 12 12 12 6 14 12 16 14 18 16 20 18 23 23 16 25 23 28 28 25 31 31 28 34 34 31 3
3 3 8 3 8 8 8 0 10 8 15 13 15 15 8 15 19 19 15 23 23 23 15
3 3 7 3 7 7 0 10 10 7 13 13 10 16 16 7 16 19 16 25 22 25 25 25 7 27 25 30 30 25 33 33 25 37 37 37 33 37 40 37 42 40 44 42 49 49 49 49 42 53 53 53 49 56 56 53 59 59 53
3 3 0 5 3 3 12 12 12 12 12 6 14 12 16 14 18 16 20 18 23 23 16 25 23 28 28 25 31 31 28 34 34 31 3
3 3 8 3 8 8 8 0 10 8 15 13 15 15 8 15 19 19 15 23 23 23 15
3 3 7 3 7 7 0 10 10 7 13 13 10 16 16 7 16 19 16 25 22 25 25 25 7 27 25 30 30 25 33 33 25 37 37 37 33 37 40 37 42 40 44 42 49 49 49 49 42 53 53 53 49 56 56 53 59 59 53
3 3 0 5 3 3 12 12 12 12 12 6 14 12 16 14 18 16 20 18 23 23 16 25 23 28 28 25 31 31 28 34 34 31 3
3 3 8 3 8 8 8 0 10 8 15 13 15 15 8 15 19 19 15 23 23 23 15
3 3 7 3 7 7 0 10 10 7 13 13 10 16 16 7 16 19 16 25 22 25 25 25 7 27 25 30 30 25 33 33 25 37 37 37 33 37 40 37 42 40 44 42 49 49 49 49 42 53 53 53 49 56 56 53 59 59 53
9 1 4 9 4 9 9 9 0 12 12 9 16 16 16 12 9
3 3 0 5 3 3 12 12 12 12 12 6 14 12 16 14 18 16 20 18 23 23 16 25 23 28 28 25 31 31 28 34 34 31 3
3 3 8 3 8 8 8 0 10 8 15 13 15 15 8 15 19 19 15 23 23 23 15
3 3 7 3 7 7 0 10 10 7 13 13 10 16 16 7 16 19 16 25 22 25 25 25 7 27 25 30 30 25 33 33 25 37 37 37 33 37 40 37 42 40 44 42 49 49 49 49 42 53 53 53 49 56 56 53 59 59 53
9 1 4 9 4 9 9 9 0 11 9 11 15 15 9 19 19 19 15 9
3 3 0 5 3 3 12 12 12 12 12 6 14 12 16 14 18 16 20 18 23 23 16 25 23 28 28 25 31 31 28 34 34 31 3
3 3 8 3 8 8 8 0 10 8 15 13 15 15 8 15 19 19 15 23 23 23 15
3 3 7 3 7 7 0 10 10 7 13 13 10 16 16 7 16 19 16 25 22 25 25 25 7 27 25 30 30 25 33 33 25 37 37 37 33 37 40 37 42 40 44 42 49 49 49 49 42 53 53 53 49 56 56 53 59 59 53
9 1 4 9 4 9 9 9 0 11 9 11 15 15 9 19 19 19 15 9
0
3 3 0 5 3 3 12 12 12 12 12 6 14 12 16 14 18 16 20 18 23 23 16 25 23 28 28 25 31 31 28 34 34 31 3
3 3 8 3 8 8 8 0 10 8 15 13 15 15 8 15 19 19 15 23 23 23 15
3 3 7 3 7 7 0 10 10 7 13 13 10 16 16 7 16 19 16 25 22 25 25 25 7 27 25 30 30 25 33 33 25 37 37 37 33 37 40 37 42 40 44 42 49 49 49 49 42 53 53 53 49 56 56 53 59 59 53
9 1 4 9 4 9 9 9 0 11 9 11 15 15 9 19 19 19 15 9
3 3 0 5 3 3 12 12 12 12 12 6 14 12 16 14 18 16 20 18 23 23 16 25 23 28 28 25 31 31 28 34 34 31 3
3 3 8 3 8 8 8 0 10 8 15 13 15 15 8 15 19 19 15 23 23 23 15
3 3 7 3 7 7 0 10 10 7 13 13 10 16 16 7 16 19 16 25 22 25 25 25 7 27 25 30 30 25 33 33 25 37 37 37 33 37 40 37 42 40 44 42 49 49 49 49 42 53 53 53 49 56 56 53 59 59 53
9 1 4 9 4 9 9 9 0 11 9 11 15 15 9 19 19 19 15 9
2 0 2
3 3 0 5 3 3 12 12 12 12 12 6 14 12 16 14 18 16 20 18 23 23 16 25 23 28 28 25 31 31 28 34 34 31 3
3 3 8 3 8 8 8 0 10 8 15 13 15 15 8 15 19 19 15 23 23 23 15
3 3 7 3 7 7 0 10 10 7 13 13 10 16 16 7 16 19 16 25 22 25 25 25 7 27 25 30 30 25 33 33 25 37 37 37 33 37 40 37 42 40 44 42 49 49 49 49 42 53 53 53 49 56 56 53 59 59 53
9 1 4 9 4 9 9 9 0 11 9 11 15 15 9 19 19 19 15 9
2 0 2
3 3 0 5 3 3 12 12 12 12 12 6 14 12 16 14 18 16 20 18 23 23 16 25 23 28 28 25 31 31 28 34 34 31 3
3 3 8 3 8 8 8 0 10 8 15 13 15 15 8 15 19 19 15 23 23 23 15
3 3 7 3 7 7 0 10 10 7 13 13 10 16 16 7 16 19 16 25 22 25 25 25 7 27 25 30 30 25 33 33 25 37 37 37 33 37 40 37 42 40 44 42 49 49 49 49 42 53 53 53 49 56 56 53 59 59 53
9 1 4 9 4 9 9 9 0 11 9 11 15 15 9 19 19 19 15 9
4 4 4 0 4 7 5 10 10 5 12 10 16 16 16 4 18 16
3 3 0 5 3 3 12 12 12 12 12 6 14 12 16 14 18 16 20 18 23 23 16 25 23 28 28 25 31 31 28 34 34 31 3
3 3 8 3 8 8 8 0 10 8 15 13 15 15 8 15 19 19 15 23 23 23 15
3 3 7 3 7 7 0 10 10 7 13 13 10 16 16 7 16 19 16 25 22 25 25 25 7 27 25 30 30 25 33 33 25 37 37 37 33 37 40 37 42 40 44 42 49 49 49 49 42 53 53 53 49 56 56 53 59 59 53
9 1 4 9 4 9 9 9 0 11 9 11 15 15 9 19 19 19 15 9
4 4 4 0 4 7 5 10 10 5 12 10 16 16 16 4 16
3 3 0 5 3 3 12 12 12 12 12 6 14 12 16 14 18 16 20 18 23 23 16 25 23 28 28 25 31 31 28 34 34 31 3
3 3 8 3 8 8 8 0 10 8 15 13 15 15 8 15 19 19 15 23 23 23 15
3 3 7 3 7 7 0 10 10 7 13 13 10 16 16 7 16 19 16 25 22 25 25 25 7 27 25 30 30 25 33 33 25 37 37 37 33 37 40 37 42 40 44 42 49 49 49 49 42 53 53 53 49 56 56 53 59 59 53
9 1 4 9 4 9 9 9 0 11 9 11 15 15 9 19 19 19 15 9
4 4 4 0 4 7 5 10 10 5 12 10 16 16 16 4 16 16
3 3 0 5 3 3 12 12 12 12 12 6 14 12 16 14 18 16 20 18 23 23 16 25 23 28 28 25 31 31 28 34 34 31 3
3 3 8 3 8 8 8 0 10 8 15 13 15 15 8 15 19 19 15 23 23 23 15
3 3 7 3 7 7 0 10 10 7 13 13 10 16 16 7 16 19 16 25 22 25 25 25 7 27 25 30 30 25 33 33 25 37 37 37 33 37 40 37 42 40 44 42 49 49 49 49 42 53 53 53 49 56 56 53 59 59 53
9 1 4 9 4 9 9 9 0 11 9 11 15 15 9 19 19 19 15 9
4 4 4 0 4 7 5 10 10 5 12 10 16 16 16 4 16
3 3 0 5 3 3 12 12 12 12 12 6 14 12 16 14 18 16 20 18 23 23 16 25 23 28 28 25 31 31 28 34 34 31 3
3 3 8 3 8 8 8 0 10 8 15 13 15 15 8 15 19 19 15 23 23 23 15
3 3 7 3 7 7 0 10 10 7 13 13 10 16 16 7 16 19 16 25 22 25 25 25 7 27 25 30 30 25 33 33 25 37 37 37 33 37 40 37 42 40 44 42 49 49 49 49 42 53 53 53 49 56 56 53 59 59 53
9 1 4 9 4 9 9 9 0 11 9 11 15 15 9 19 19 19 15 9
4 4 4 0 4 7 5 10 10 5 12 10 16 16 16 4 22 19 22 22 22 16 4
3 3 0
3 3 0 5 3 3 12 12 12 12 12 6 14 12 16 14 18 16 20 18 23 23 16 25 23 28 28 25 31 31 28 34 34 31 3
3 3 8 3 8 8 8 0 10 8 15 13 15 15 8 15 19 19 15 23 23 23 15
3 3 7 3 7 7 0 10 10 7 13 13 10 16 16 7 16 19 16 25 22 25 25 25 7 27 25 30 30 25 33 33 25 37 37 37 33 37 40 37 42 40 44 42 49 49 49 49 42 53 53 53 49 56 56 53 59 59 53
9 1 4 9 4 9 9 9 0 11 9 11 15 15 9 19 19 19 15 9
4 4 4 0 4 7 5 10 10 5 12 10 16 16 16 4 22 19 22 22 22 16 4
3 3 0
3 3 0 5 3 3 12 12 12 12 12 6 14 12 16 14 18 16 20 18 23 23 16 25 23 28 28 25 31 31 28 34 34 31 3
3 3 8 3 8 8 8 0 10 8 15 13 15 15 8 15 19 19 15 23 23 23 15
3 3 7 3 7 7 0 10 10 7 13 13 10 16 16 7 16 19 16 25 22 25 25 25 7 27 25 30 30 25 33 33 25 37 37 37 33 37 40 37 42 40 44 42 49 49 49 49 42 53 53 53 49 56 56 53 59 59 53
9 1 4 9 4 9 9 9 0 11 9 11 15 15 9 19 19 19 15 9
4 4 4 0 4 7 5 10 10 5 12 10 16 16 16 4 22 19 22 22 22 16 4
15 3 15 6 6 15 9 9 6 11 15 13 11 11 0
3 3 0 5 3 3 12 12 12 12 12 6 14 12 16 14 18 16 20 18 23 23 16 25 23 28 28 25 31 31 28 34 34 31 3
3 3 8 3 8 8 8 0 10 8 15 13 15 15 8 15 19 19 15 23 23 23 15
3 3 7 3 7 7 0 10 10 7 13 13 10 16 16 7 16 19 16 25 22 25 25 25 7 27 25 30 30 25 33 33 25 37 37 37 33 37 40 37 42 40 44 42 49 49 49 49 42 53 53 53 49 56 56 53 59 59 53
9 1 4 9 4 9 9 9 0 11 9 11 15 15 9 19 19 19 15 9
4 4 4 0 4 7 5 10 10 5 12 10 16 16 16 4 22 19 22 22 22 16 4
15 3 15 6 6 15 9 9 6 11 15 13 11 11
3 3 0 5 3 3 12 12 12 12 12 6 14 12 16 14 18 16 20 18 23 23 16 25 23 28 28 25 31 31 28 34 34 31 3
3 3 8 3 8 8 8 0 10 8 15 13 15 15 8 15 19 19 15 23 23 23 15
3 3 7 3 7 7 0 10 10 7 13 13 10 16 16 7 16 19 16 25 22 25 25 25 7 27 25 30 30 25 33 33 25 37 37 37 33 37 40 37 42 40 44 42 49 49 49 49 42 53 53 53 49 56 56 53 59 59 53
9 1 4 9 4 9 9 9 0 11 9 11 15 15 9 19 19 19 15 9
4 4 4 0 4 7 5 10 10 5 12 10 16 16 16 4 22 19 22 22 22 16 4
18 3 18 6 6 18 9 9 6 11 18 13 11 13 18 18 18 0 21 21
3 3 0 5 3 3 12 12 12 12 12 6 14 12 16 14 18 16 20 18 23 23 16 25 23 28 28 25 31 31 28 34 34 31 3
3 3 8 3 8 8 8 0 10 8 15 13 15 15 8 15 19 19 15 23 23 23 15
3 3 7 3 7 7 0 10 10 7 13 13 10 16 16 7 16 19 16 25 22 25 25 25 7 27 25 30 30 25 33 33 25 37 37 37 33 37 40 37 42 40 44 42 49 49 49 49 42 53 53 53 49 56 56 53 59 59 53
9 1 4 9 4 9 9 9 0 11 9 11 15 15 9 19 19 19 15 9
4 4 4 0 4 7 5 10 10 5 12 10 16 16 16 4 22 19 22 22 22 16 4
15 3 15 6 6 15 9 9 6 11 15 13 11 11 0 18 18
3 3 0 5 3 3 12 12 12 12 12 6 14 12 16 14 18 16 20 18 23 23 16 25 23 28 28 25 31 31 28 34 34 31 3
3 3 8 3 8 8 8 0 10 8 15 13 15 15 8 15 19 19 15 23 23 23 15
3 3 7 3 7 7 0 10 10 7 13 13 10 16 16 7 16 19 16 25 22 25 25 25 7 27 25 30 30 25 33 33 25 37 37 37 33 37 40 37 42 40 44 42 49 49 49 49 42 53 53 53 49 56 56 53 59 59 53
9 1 4 9 4 9 9 9 0 11 9 11 15 15 9 19 19 19 15 9
4 4 4 0 4 7 5 10 10 5 12 10 16 16 16 4 22 19 22 22 22 16 4
15 3 15 6 6 15 9 9 6 11 15 13 11 13 0 18 18 15 30 21 30 24 24 21 24 24 30 30 30 15 32
3 3 0 5 3 3 12 12 12 12 12 6 14 12 16 14 18 16 20 18 23 23 16 25 23 28 28 25 31 31 28 34 34 31 3
3 3 8 3 8 8 8 0 10 8 15 13 15 15 8 15 19 19 15 23 23 23 15
3 3 7 3 7 7 0 10 10 7 13 13 10 16 16 7 16 19 16 25 22 25 25 25 7 27 25 30 30 25 33 33 25 37 37 37 33 37 40 37 42 40 44 42 49 49 49 49 42 53 53 53 49 56 56 53 59 59 53
9 1 4 9 4 9 9 9 0 11 9 11 15 15 9 19 19 19 15 9
4 4 4 0 4 7 5 10 10 5 12 10 16 16 16 4 22 19 22 22 22 16 4
15 3 15 6 6 15 9 9 6 11 15 13 11 13 0 18 18 15 30 21 30 24 24 21 24 24 30 30 30 15
3 3 0 5 3 3 12 12 12 12 12 6 14 12 16 14 18 16 20 18 23 23 16 25 23 28 28 25 31 31 28 34 34 31 3
3 3 8 3 8 8 8 0 10 8 15 13 15 15 8 15 19 19 15 23 23 23 15
3 3 7 3 7 7 0 10 10 7 13 13 10 16 16 7 16 19 16 25 22 25 25 25 7 27 25 30 30 25 33 33 25 37 37 37 33 37 40 37 42 40 44 42 49 49 49 49 42 53 53 53 49 56 56 53 59 59 53
9 1 4 9 4 9 9 9 0 11 9 11 15 15 9 19 19 19 15 9
4 4 4 0 4 7 5 10 10 5 12 10 16 16 16 4 22 19 22 22 22 16 4
15 3 15 6 6 15 9 9 6 11 15 13 11 13 0 18 18 15 30 21 30 24 24 21 24 24 30 30 30 15 34 34 34 30 37 37 34 40 40 37
3 3 0 5 3 3 12 12 12 12 12 6 14 12 16 14 18 16 20 18 23 23 16 25 23 28 28 25 31 31 28 34 34 31 3
3 3 8 3 8 8 8 0 10 8 15 13 15 15 8 15 19 19 15 23 23 23 15
3 3 7 3 7 7 0 10 10 7 13 13 10 16 16 7 16 19 16 25 22 25 25 25 7 27 25 30 30 25 33 33 25 37 37 37 33 37 40 37 42 40 44 42 49 49 49 49 42 53 53 53 49 56 56 53 59 59 53
9 1 4 9 4 9 9 9 0 11 9 11 15 15 9 19 19 19 15 9
4 4 4 0 4 7 5 10 10 5 12 10 16 16 16 4 22 19 22 22 22 16 4
15 3 15 6 6 15 9 9 6 11 15 13 11 13 0 18 18 15 30 21 30 24 24 21 24 24 30 30 30 15 34 34 34 30 37 37 34 40 40
3 3 0 5 3 3 12 12 12 12 12 6 14 12 16 14 18 16 20 18 23 23 16 25 23 28 28 25 31 31 28 34 34 31 3
3 3 8 3 8 8 8 0 10 8 15 13 15 15 8 15 19 19 15 23 23 23 15
3 3 7 3 7 7 0 10 10 7 13 13 10 16 16 7 16 19 16 25 22 25 25 25 7 27 25 30 30 25 33 33 25 37 37 37 33 37 40 37 42 40 44 42 49 49 49 49 42 53 53 53 49 56 56 53 59 59 53
9 1 4 9 4 9 9 9 0 11 9 11 15 15 9 19 19 19 15 9
4 4 4 0 4 7 5 10 10 5 12 10 16 16 16 4 22 19 22 22 22 16 4
15 3 15 6 6 15 9 9 6 11 15 13 11 13 0 18 18 15 30 21 30 24 24 21 24 24 30 30 30 15 34 34 34 30 37 37 34 40 40 37
3 3 0 5 3 3 12 12 12 12 12 6 14 12 16 14 18 16 20 18 23 23 16 25 23 28 28 25 31 31 28 34 34 31 3
3 3 8 3 8 8 8 0 10 8 15 13 15 15 8 15 19 19 15 23 23 23 15
3 3 7 3 7 7 0 10 10 7 13 13 10 16 16 7 16 19 16 25 22 25 25 25 7 27 25 30 30 25 33 33 25 37 37 37 33 37 40 37 42 40 44 42 49 49 49 49 42 53 53 53 49 56 56 53 59 59 53
9 1 4 9 4 9 9 9 0 11 9 11 15 15 9 19 19 19 15 9
4 4 4 0 4 7 5 10 10 5 12 10 16 16 16 4 22 19 22 22 22 16 4
15 3 15 6 6 15 9 9 6 11 15 13 11 13 0 18 18 15 30 21 30 24 24 21 24 24 30 30 30 15 34 34 34 30 37 37 34 40 40
3 3 0 5 3 3 12 12 12 12 12 6 14 12 16 14 18 16 20 18 23 23 16 25 23 28 28 25 31 31 28 34 34 31 3
3 3 8 3 8 8 8 0 10 8 15 13 15 15 8 15 19 19 15 23 23 23 15
3 3 7 3 7 7 0 10 10 7 13 13 10 16 16 7 16 19 16 25 22 25 25 25 7 27 25 30 30 25 33 33 25 37 37 37 33 37 40 37 42 40 44 42 49 49 49 49 42 53 53 53 49 56 56 53 59 59 53
9 1 4 9 4 9 9 9 0 11 9 11 15 15 9 19 19 19 15 9
4 4 4 0 4 7 5 10 10 5 12 10 16 16 16 4 22 19 22 22 22 16 4
