2 0 6 5 6 2 8 6 11 11 2 15 15 15 11
2 0 6 5 6 2 8 6 10 2
2 0 6 5 6 2 8 6 13 13 13 13 2 13 17 17 13 22 22 22 22 17 22 22
2 0 6 5 6 2 8 6 8
2 0 6 5 6 2 8 6 14 14 12 14 14 2 14 17 15 2
2 0 6 5 6 2 8 6 14 14 12 14 14 2 14 17 15
2 0 6 5 6 2 8 6 14 14 12 14 14 2 14 17 15 17
2 0 6 5 6 2 8 6 14 14 12 14 14 2 14 17 15
2 0 6 5 6 2 8 6 14 14 12 14 14 2 14 17 15 20 20 17
2 0 6 5 6 2 8 6 14 14 12 14 14 2
2 0 6 5 6 2 8 6 10 14 10 10 14 2 14 15
2 0 6 5 6 2 8 6 11 11 2
2 0 6 5 6 2 8 6 12 12 12 2 15 15 12 2
2 0 6 5 6 2 8 6 12 12 12 2 15 15 12
2 0 6 5 6 2 8 6 12 12 12 2 15 15 12 18 18 15 20 2 20
2 0 6 5 6 2 8 6 12 12 12 2 15 15 12 18 18 15
2 0 6 5 6 2 8 6 10 2 10 10 15 15 10 18 18 15 15 22 22 19 24
2 0 6 5 6 2 8 6 10 2 10 10 15 15 10 18 18 15 15 22 22 19 24
2 0 6 5 6 2 8 6 10 12 12 2 15 15 12 18 18 15 15 22 22 19 25 25 19
2 0 6 5 6 2 8 6 10 2 12 10 15 15 10 18 18 15 15 22 22 19 25 25 19
2 0 6 5 6 2 8 6 12 12 12 2 15 15 12 18 18 15 15 22 22 19 25 25 19 28 28 25 30 28 32 2 32 35 32 38 38 33 41 41 38 44 44 41 46
2 0 6 5 6 2 8 6 12 12 12 2 15 15 12 18 18 15 15 22 22 19 25 25 19 28 28 25 30 28 32 2 32 35 33 38 38 33 41 41 38 44
2 0 6 5 6 2 8 6 12 12 12 2 15 15 12 18 18 15 15 22 22 19 25 25 19 28 28 25 30 28 32 2 32 35 33 38 38 33 41 41 38 44 44 41
2 0 6 5 6 2 8 6 12 12 12 2 15 15 12 18 18 15 15 22 22 19 25 25 19 28 28 25 30 28 32 2 32 35 32 38 38 33 41 41 38 44 44 41
2 0 6 5 6 2 8 6 10 12 12 6 15 15 12 18 18 15 15 22 22 19 25 25 19 28 28 25 30 28 32 2 32 35 32 47 38 47 41 41 38 44 44 41 47 47 32 49 47
2 0 6 5 6 2 8 6 10 6 12 10 15 15 10 18 18 15 15 22 22 19 25 25 19 28 28 25 30 28 32 2 32 35 32 47 38 47 41 41 38 44 44 41 47 47 32 49
2 0 6 5 6 2 8 6 12 12 12 6 15 15 12 18 18 15 15 22 22 19 25 25 19 28 28 25 32 28 32 2 32 35 32 47 38 47 41 41 38 44 44 41 47 47 35 49 47 51 52 47 55 55 52 71 59 59 71 61 71 64 64 61 68 68 68 61 71
2 0 6 5 6 2 8 6 12 12 12 6 15 15 12 18 18 15 15 22 22 19 25 25 19 28 28 25 31 28 32 25 32 35 32 47 38 47 41 41 38 44 44 41 47 47 32 49 47 51 52 47 55 55 52 59 59 59 55 61 52 64 64 61 68 68 68 61
2 0 6 5 6 2 8 6 12 12 12 6 15 15 12 18 18 15 15 22 22 19 25 25 19 28 28 25 31 31 32 6 32 35 32 47 38 47 41 41 38 44 44 41 47 47 32 49 47 51 52 47 55 55 52 61 59 59 55 61 71 64 64 61 68 68 68 61 71 71 6
2 0 6 5 6 2 8 6 12 12 12 6 15 15 12 18 18 15 15 22 22 19 25 25 19 28 28 25 31 31 32 6 32 35 32 47 38 47 41 41 38 44 44 41 47 47 35 49 47 51 52 47 55 55 52 71 59 59 55 61 71 64 64 61 68 68 68 61 71
