2 0
2 0
2 0 5 5 2 2
2 3 0 3
2 0 5 5 2 2
2 0
2 0 5 5 2 2
2 0 2
2 0 5 5 2 2
0 1 1
2 0 5 5 2 2
2 0 2
2 0 5 5 2 2
2 10 5 5 2 2 10 10 10 0 10 13 10 18 18 15 18 10 20 18
2 0 5 5 2 2
2 10 5 5 2 2 10 10 10 0 10 13 10 18 18 15 18 10 20 18
2 0 5 5 2 2
2 10 5 5 2 2 10 10 10 0 10 13 10 18 18 15 18 10 20 18
2 0 5 5 2 2
2 10 5 5 2 2 10 10 10 0 10 13 10 18 18 15 18 10 20 18
2 0 5 5 2 2
2 10 5 5 2 2 10 10 10 0 10 13 10 18 18 15 18 10 20 18 10 10 10
2 0 5 5 2 2
2 10 5 5 2 2 10 10 10 0 10 13 10 18 18 15 18 10 20 18
2 0 5 5 2 2
2 10 5 5 2 2 10 10 10 0 10 13 10 18 18 15 18 10 20 18 22 18
2 0 5 5 2 2
2 10 5 5 2 2 10 10 10 0 10 13 10 18 18 15 18 10 20 18 10
2 0 5 5 2 2
2 10 5 5 2 2 10 10 10 0 10 13 10 18 18 15 18 10 20 18 10
7 7 7 7 7 7 0 7 12 12 12 7 12 7
2 0 5 5 2 2
2 10 5 5 2 2 10 10 10 0 10 13 10 18 18 15 18 10 20 18 10
7 7 7 7 7 7 0 7 12 12 12 7 12
2 0 5 5 2 2
2 10 5 5 2 2 10 10 10 0 10 13 10 18 18 15 18 10 20 18 10
7 7 7 7 7 7 0 7 12 12 12 7 12 16 16 12
2 0 5 5 2 2
2 10 5 5 2 2 10 10 10 0 10 13 10 18 18 15 18 10 20 18 10
7 7 7 7 7 7 0 7 12 12 12 7 12 16 16 12
2 0 5 5 2 2
2 10 5 5 2 2 10 10 10 0 10 13 10 18 18 15 18 10 20 18 10
7 7 7 7 7 7 0 7 12 12 12 7 12 16 16 12
2 0 5 5 2 2
2 10 5 5 2 2 10 10 10 0 10 13 10 18 18 15 18 10 20 18 10
7 7 7 7 7 7 0 7 12 12 12 7 12 16 16 12
2 0 5 5 2 2
2 10 5 5 2 2 10 10 10 0 10 13 10 18 18 15 18 10 20 18 10
7 7 7 7 7 7 0 7 12 12 12 7 12 16 16 12
2 0 5 5 2 2
2 10 5 5 2 2 10 10 10 0 10 13 10 18 18 15 18 10 20 18 10
7 7 7 7 7 7 0 7 12 12 12 7 12 16 16 12 19 19 16 7
3 3 0 5 3 7 5 10 10 3 12 10
2 0 5 5 2 2
2 10 5 5 2 2 10 10 10 0 10 13 10 18 18 15 18 10 20 18 10
7 7 7 7 7 7 0 7 12 12 12 7 12 16 16 12 19 19 16 7
3 3 0 5 3 7 5 10 10 3 10 11
2 0 5 5 2 2
2 10 5 5 2 2 10 10 10 0 10 13 10 18 18 15 18 10 20 18 10
7 7 7 7 7 7 0 7 12 12 12 7 12 16 16 12 19 19 16 7
3 3 0 5 3 7 5 10 10 3 13 13 10 3
8 8 8 8 8 8 8 0
2 0 5 5 2 2
2 10 5 5 2 2 10 10 10 0 10 13 10 18 18 15 18 10 20 18 10
7 7 7 7 7 7 0 7 12 12 12 7 12 16 16 12 19 19 16 7
3 3 0 5 3 7 5 10 10 3 13 13 10 3
8 8 8 8 8 8 8 0
2 0 5 5 2 2
2 10 5 5 2 2 10 10 10 0 10 13 10 18 18 15 18 10 20 18 10
7 7 7 7 7 7 0 7 12 12 12 7 12 16 16 12 19 19 16 7
3 3 0 5 3 7 5 10 10 3 13 13 10 3
8 8 8 8 8 8 8 0
2 0 5 5 2 2
2 10 5 5 2 2 10 10 10 0 10 13 10 18 18 15 18 10 20 18 10
7 7 7 7 7 7 0 7 12 12 12 7 12 16 16 12 19 19 16 7
3 3 0 5 3 7 5 10 10 3 13 13 10 3
8 8 8 8 8 8 8 0
2 0 5 5 2 2
2 10 5 5 2 2 10 10 10 0 10 13 10 18 18 15 18 10 20 18 10
7 7 7 7 7 7 0 7 12 12 12 7 12 16 16 12 19 19 16 7
3 3 0 5 3 7 5 10 10 3 13 13 10 3
8 8 8 8 8 8 8 0 10 8 13 13 10 21 21 21 21 21 21 19 10
2 0 5 5 2 2
2 10 5 5 2 2 10 10 10 0 10 13 10 18 18 15 18 10 20 18 10
7 7 7 7 7 7 0 7 12 12 12 7 12 16 16 12 19 19 16 7
3 3 0 5 3 7 5 10 10 3 13 13 10 3
8 8 8 8 8 8 8 0 10 8 13 13 10 10
2 0 5 5 2 2
2 10 5 5 2 2 10 10 10 0 10 13 10 18 18 15 18 10 20 18 10
7 7 7 7 7 7 0 7 12 12 12 7 12 16 16 12 19 19 16 7
3 3 0 5 3 7 5 10 10 3 13 13 10 3
8 8 8 8 8 8 8 0 10 8 13 13 10 18 18 18 18 10
2 0 5 5 2 2
2 10 5 5 2 2 10 10 10 0 10 13 10 18 18 15 18 10 20 18 10
7 7 7 7 7 7 0 7 12 12 12 7 12 16 16 12 19 19 16 7
3 3 0 5 3 7 5 10 10 3 13 13 10 3
8 8 8 8 8 8 8 0 10 8 13 13 10 16 16 10 16 16
2 0 5 5 2 2
2 10 5 5 2 2 10 10 10 0 10 13 10 18 18 15 18 10 20 18 10
7 7 7 7 7 7 0 7 12 12 12 7 12 16 16 12 19 19 16 7
3 3 0 5 3 7 5 10 10 3 13 13 10 3
8 8 8 8 8 8 8 0 10 8 13 13 10 19 19 19 19 19 10 8
0
2 0 5 5 2 2
2 10 5 5 2 2 10 10 10 0 10 13 10 18 18 15 18 10 20 18 10
7 7 7 7 7 7 0 7 12 12 12 7 12 16 16 12 19 19 16 7
3 3 0 5 3 7 5 10 10 3 13 13 10 3
8 8 8 8 8 8 8 0 10 8 13 13 10 19 19 19 19 19 10 8
0
2 0 5 5 2 2
2 10 5 5 2 2 10 10 10 0 10 13 10 18 18 15 18 10 20 18 10
7 7 7 7 7 7 0 7 12 12 12 7 12 16 16 12 19 19 16 7
3 3 0 5 3 7 5 10 10 3 13 13 10 3
8 8 8 8 8 8 8 0 10 8 13 13 10 19 19 19 19 19 10 8
0
2 0 5 5 2 2
2 10 5 5 2 2 10 10 10 0 10 13 10 18 18 15 18 10 20 18 10
7 7 7 7 7 7 0 7 12 12 12 7 12 16 16 12 19 19 16 7
3 3 0 5 3 7 5 10 10 3 13 13 10 3
8 8 8 8 8 8 8 0 10 8 13 13 10 19 19 19 19 19 10 8
0
2 0 5 5 2 2
2 10 5 5 2 2 10 10 10 0 10 13 10 18 18 15 18 10 20 18 10
7 7 7 7 7 7 0 7 12 12 12 7 12 16 16 12 19 19 16 7
3 3 0 5 3 7 5 10 10 3 13 13 10 3
8 8 8 8 8 8 8 0 10 8 13 13 10 19 19 19 19 19 10 8
3 3 0 6 6 3 3
2 0 5 5 2 2
2 10 5 5 2 2 10 10 10 0 10 13 10 18 18 15 18 10 20 18 10
7 7 7 7 7 7 0 7 12 12 12 7 12 16 16 12 19 19 16 7
3 3 0 5 3 7 5 10 10 3 13 13 10 3
8 8 8 8 8 8 8 0 10 8 13 13 10 19 19 19 19 19 10 8
3 3 0 6 6 3 3
2 0 5 5 2 2
2 10 5 5 2 2 10 10 10 0 10 13 10 18 18 15 18 10 20 18 10
7 7 7 7 7 7 0 7 12 12 12 7 12 16 16 12 19 19 16 7
3 3 0 5 3 7 5 10 10 3 13 13 10 3
8 8 8 8 8 8 8 0 10 8 13 13 10 19 19 19 19 19 10 8
3 3 0 6 6 3 11 11 11 11 3
2 0 5 5 2 2
2 10 5 5 2 2 10 10 10 0 10 13 10 18 18 15 18 10 20 18 10
7 7 7 7 7 7 0 7 12 12 12 7 12 16 16 12 19 19 16 7
3 3 0 5 3 7 5 10 10 3 13 13 10 3
8 8 8 8 8 8 8 0 10 8 13 13 10 19 19 19 19 19 10 8
3 3 0 6 6 3 11 11 11 11 3
2 0 5 5 2 2
2 10 5 5 2 2 10 10 10 0 10 13 10 18 18 15 18 10 20 18 10
7 7 7 7 7 7 0 7 12 12 12 7 12 16 16 12 19 19 16 7
3 3 0 5 3 7 5 10 10 3 13 13 10 3
8 8 8 8 8 8 8 0 10 8 13 13 10 19 19 19 19 19 10 8
3 3 0 6 6 3 11 11 11 11 3 13 11 13
2 0 5 5 2 2
2 10 5 5 2 2 10 10 10 0 10 13 10 18 18 15 18 10 20 18 10
7 7 7 7 7 7 0 7 12 12 12 7 12 16 16 12 19 19 16 7
3 3 0 5 3 7 5 10 10 3 13 13 10 3
8 8 8 8 8 8 8 0 10 8 13 13 10 19 19 19 19 19 10 8
3 3 0 6 6 3 11 11 11 11 3 13 11
2 0 5 5 2 2
2 10 5 5 2 2 10 10 10 0 10 13 10 18 18 15 18 10 20 18 10
7 7 7 7 7 7 0 7 12 12 12 7 12 16 16 12 19 19 16 7
3 3 0 5 3 7 5 10 10 3 13 13 10 3
8 8 8 8 8 8 8 0 10 8 13 13 10 19 19 19 19 19 10 8
3 3 0 6 6 3 11 11 11 11 3 13 11 16 16 11 19 19 16 22 22 16 25 25 22
2 0 5 5 2 2
2 10 5 5 2 2 10 10 10 0 10 13 10 18 18 15 18 10 20 18 10
7 7 7 7 7 7 0 7 12 12 12 7 12 16 16 12 19 19 16 7
3 3 0 5 3 7 5 10 10 3 13 13 10 3
8 8 8 8 8 8 8 0 10 8 13 13 10 19 19 19 19 19 10 8
3 3 0 6 6 3 11 11 11 11 3 13 11 16 16 11 19 19 16 22 22 16 24 22
2 0 5 5 2 2
2 10 5 5 2 2 10 10 10 0 10 13 10 18 18 15 18 10 20 18 10
7 7 7 7 7 7 0 7 12 12 12 7 12 16 16 12 19 19 16 7
3 3 0 5 3 7 5 10 10 3 13 13 10 3
8 8 8 8 8 8 8 0 10 8 13 13 10 19 19 19 19 19 10 8
3 3 0 6 6 3 11 11 11 11 3 13 11 16 16 11 19 19 16 22 22 16 25 25 22
2 0 5 5 2 2
2 10 5 5 2 2 10 10 10 0 10 13 10 18 18 15 18 10 20 18 10
7 7 7 7 7 7 0 7 12 12 12 7 12 16 16 12 19 19 16 7
3 3 0 5 3 7 5 10 10 3 13 13 10 3
8 8 8 8 8 8 8 0 10 8 13 13 10 19 19 19 19 19 10 8
3 3 0 6 6 3 11 11 11 11 3 13 11 16 16 11 19 19 16 22 22 16 25 25 22
2 0 5 5 2 2
2 10 5 5 2 2 10 10 10 0 10 13 10 18 18 15 18 10 20 18 10
7 7 7 7 7 7 0 7 12 12 12 7 12 16 16 12 19 19 16 7
3 3 0 5 3 7 5 10 10 3 13 13 10 3
8 8 8 8 8 8 8 0 10 8 13 13 10 19 19 19 19 19 10 8
3 3 0 6 6 3 11 11 11 11 3 13 11 16 16 11 19 19 16 22 22 16 25 25 22
2 0 5 5 2 2
2 10 5 5 2 2 10 10 10 0 10 13 10 18 18 15 18 10 20 18 10
7 7 7 7 7 7 0 7 12 12 12 7 12 16 16 12 19 19 16 7
3 3 0 5 3 7 5 10 10 3 13 13 10 3
8 8 8 8 8 8 8 0 10 8 13 13 10 19 19 19 19 19 10 8
3 3 0 6 6 3 11 11 11 11 3 13 11 16 16 11 19 19 16 22 22 16 25 25 22
2 0 5 5 2 2
2 10 5 5 2 2 10 10 10 0 10 13 10 18 18 15 18 10 20 18 10
7 7 7 7 7 7 0 7 12 12 12 7 12 16 16 12 19 19 16 7
3 3 0 5 3 7 5 10 10 3 13 13 10 3
8 8 8 8 8 8 8 0 10 8 13 13 10 19 19 19 19 19 10 8
3 3 0 6 6 3 11 11 11 11 3 13 11 16 16 11 19 19 16 22 22 16 25 25 22
2 0 5 5 2 2
2 10 5 5 2 2 10 10 10 0 10 13 10 18 18 15 18 10 20 18 10
7 7 7 7 7 7 0 7 12 12 12 7 12 16 16 12 19 19 16 7
3 3 0 5 3 7 5 10 10 3 13 13 10 3
8 8 8 8 8 8 8 0 10 8 13 13 10 19 19 19 19 19 10 8
3 3 0 6 6 3 11 11 11 11 3 13 11 16 16 11 19 19 16 22 22 16 25 25 22 27 25 30 30 27 35 35 35 35 25 35 3
4 4 4 0 8 8 8 4 12 12 12 8 18 18 18 18 18 12
2 0 5 5 2 2
2 10 5 5 2 2 10 10 10 0 10 13 10 18 18 15 18 10 20 18 10
7 7 7 7 7 7 0 7 12 12 12 7 12 16 16 12 19 19 16 7
3 3 0 5 3 7 5 10 10 3 13 13 10 3
8 8 8 8 8 8 8 0 10 8 13 13 10 19 19 19 19 19 10 8
3 3 0 6 6 3 11 11 11 11 3 13 11 16 16 11 19 19 16 22 22 16 25 25 22 27 25 30 30 27 35 35 35 35 25 35 3
4 4 4 0 8 8 8 4 12 12 12 8 18 18 18 18 18 12
2 0 5 5 2 2
2 10 5 5 2 2 10 10 10 0 10 13 10 18 18 15 18 10 20 18 10
7 7 7 7 7 7 0 7 12 12 12 7 12 16 16 12 19 19 16 7
3 3 0 5 3 7 5 10 10 3 13 13 10 3
8 8 8 8 8 8 8 0 10 8 13 13 10 19 19 19 19 19 10 8
3 3 0 6 6 3 11 11 11 11 3 13 11 16 16 11 19 19 16 22 22 16 25 25 22 27 25 30 30 27 35 35 35 35 25 35 3
4 4 4 0 8 8 8 4 11 11 8 11 18 18 18 18 18 11 20 18 4
2 0 5 5 2 2
2 10 5 5 2 2 10 10 10 0 10 13 10 18 18 15 18 10 20 18 10
7 7 7 7 7 7 0 7 12 12 12 7 12 16 16 12 19 19 16 7
3 3 0 5 3 7 5 10 10 3 13 13 10 3
8 8 8 8 8 8 8 0 10 8 13 13 10 19 19 19 19 19 10 8
3 3 0 6 6 3 11 11 11 11 3 13 11 16 16 11 19 19 16 22 22 16 25 25 22 27 25 30 30 27 35 35 35 35 25 35 3
4 4 4 0 8 8 8 4 11 11 8 11 18 18 18 18 18 11 20 18 4
2 0 5 5 2 2
2 10 5 5 2 2 10 10 10 0 10 13 10 18 18 15 18 10 20 18 10
7 7 7 7 7 7 0 7 12 12 12 7 12 16 16 12 19 19 16 7
3 3 0 5 3 7 5 10 10 3 13 13 10 3
8 8 8 8 8 8 8 0 10 8 13 13 10 19 19 19 19 19 10 8
3 3 0 6 6 3 11 11 11 11 3 13 11 16 16 11 19 19 16 22 22 16 25 25 22 27 25 30 30 27 35 35 35 35 25 35 3
4 4 4 0 8 8 8 4 11 11 8 11 18 18 18 18 18 11 20 18 4
2 0 5 5 2 2
2 10 5 5 2 2 10 10 10 0 10 13 10 18 18 15 18 10 20 18 10
7 7 7 7 7 7 0 7 12 12 12 7 12 16 16 12 19 19 16 7
3 3 0 5 3 7 5 10 10 3 13 13 10 3
8 8 8 8 8 8 8 0 10 8 13 13 10 19 19 19 19 19 10 8
3 3 0 6 6 3 11 11 11 11 3 13 11 16 16 11 19 19 16 22 22 16 25 25 22 27 25 30 30 27 35 35 35 35 25 35 3
4 4 4 0 8 8 8 4 11 11 8 11 18 18 18 18 18 11 20 18 4
2 0 5 5 2 2
2 10 5 5 2 2 10 10 10 0 10 13 10 18 18 15 18 10 20 18 10
7 7 7 7 7 7 0 7 12 12 12 7 12 16 16 12 19 19 16 7
3 3 0 5 3 7 5 10 10 3 13 13 10 3
8 8 8 8 8 8 8 0 10 8 13 13 10 19 19 19 19 19 10 8
3 3 0 6 6 3 11 11 11 11 3 13 11 16 16 11 19 19 16 22 22 16 25 25 22 27 25 30 30 27 35 35 35 35 25 35 3
4 4 4 0 8 8 8 4 11 11 8 11 18 18 18 18 18 11 20 18 4
2 0 5 5 2 2
2 10 5 5 2 2 10 10 10 0 10 13 10 18 18 15 18 10 20 18 10
7 7 7 7 7 7 0 7 12 12 12 7 12 16 16 12 19 19 16 7
3 3 0 5 3 7 5 10 10 3 13 13 10 3
8 8 8 8 8 8 8 0 10 8 13 13 10 19 19 19 19 19 10 8
3 3 0 6 6 3 11 11 11 11 3 13 11 16 16 11 19 19 16 22 22 16 25 25 22 27 25 30 30 27 35 35 35 35 25 35 3
2 0 4 2 8 8 8 4 11 11 8 11 18 18 18 18 18 11 20 18 2
2 0 5 5 2 2
2 10 5 5 2 2 10 10 10 0 10 13 10 18 18 15 18 10 20 18 10
7 7 7 7 7 7 0 7 12 12 12 7 12 16 16 12 19 19 16 7
3 3 0 5 3 7 5 10 10 3 13 13 10 3
8 8 8 8 8 8 8 0 10 8 13 13 10 19 19 19 19 19 10 8
3 3 0 6 6 3 11 11 11 11 3 13 11 16 16 11 19 19 16 22 22 16 25 25 22 27 25 30 30 27 35 35 35 35 25 35 3
4 4 4 0 8 8 8 4 11 11 8 11 18 18 18 18 18 11 20 18 4
2 0 5 5 2 2
2 10 5 5 2 2 10 10 10 0 10 13 10 18 18 15 18 10 20 18 10
7 7 7 7 7 7 0 7 12 12 12 7 12 16 16 12 19 19 16 7
3 3 0 5 3 7 5 10 10 3 13 13 10 3
8 8 8 8 8 8 8 0 10 8 13 13 10 19 19 19 19 19 10 8
3 3 0 6 6 3 11 11 11 11 3 13 11 16 16 11 19 19 16 22 22 16 25 25 22 27 25 30 30 27 35 35 35 35 25 35 3
4 4 4 0 8 8 8 4 11 11 8 11 18 18 18 18 18 11 20 18 4
2 0 5 5 2 2
2 10 5 5 2 2 10 10 10 0 10 13 10 18 18 15 18 10 20 18 10
7 7 7 7 7 7 0 7 12 12 12 7 12 16 16 12 19 19 16 7
3 3 0 5 3 7 5 10 10 3 13 13 10 3
8 8 8 8 8 8 8 0 10 8 13 13 10 19 19 19 19 19 10 8
3 3 0 6 6 3 11 11 11 11 3 13 11 16 16 11 19 19 16 22 22 16 25 25 22 27 25 30 30 27 35 35 35 35 25 35 3
4 4 4 0 8 8 8 4 11 11 8 11 18 18 18 18 18 11 20 18 4
2 0 5 5 2 2
2 10 5 5 2 2 10 10 10 0 10 13 10 18 18 15 18 10 20 18 10
7 7 7 7 7 7 0 7 12 12 12 7 12 16 16 12 19 19 16 7
3 3 0 5 3 7 5 10 10 3 13 13 10 3
8 8 8 8 8 8 8 0 10 8 13 13 10 19 19 19 19 19 10 8
3 3 0 6 6 3 11 11 11 11 3 13 11 16 16 11 19 19 16 22 22 16 25 25 22 27 25 30 30 27 35 35 35 35 25 35 3
4 4 4 0 8 8 8 4 11 11 8 11 18 18 18 18 18 11 20 18 4
