0
0 1
0
2 6 6 6 6 0 6 6 7
2 6 6 6 6 0 8 6
2 6 6 6 6 0 6 6 12 12 12 6 12 12 16 6
2 6 6 6 6 0 6 6 12 12 12 6 12 12 16 6
2 6 6 6 6 0 6 6 12 12 12 6 12 12 6
2 3 0 3 7 7 4 7 10 7 14 14 14 3
2 6 6 6 6 0 6 6 12 12 12 6 12 12 6
2 3 0 3 7 7 4 7 10 7 14 14 14 3
2 6 6 6 6 0 6 6 12 12 12 6 12 12 6
2 3 0 7 7 7 3 7 10 3 14 14 14 3 3
2 0
2 6 6 6 6 0 6 6 12 12 12 6 12 12 6
2 3 0 7 7 7 3 7 10 3 14 14 14 3 3
2 6 6 6 6 0 6 6 12 12 12 6 12 12 6
2 3 0 7 7 7 3 7 10 3 15 15 15 15 3 3
2 6 6 6 6 0 6 6 12 12 12 6 12 12 6
2 3 0 7 7 7 3 7 10 3 15 15 15 15 3 3
0
2 6 6 6 6 0 6 6 12 12 12 6 12 12 6
2 3 0 7 7 7 3 7 10 3 15 15 15 15 3 3
2 6 6 6 6 0 6 6 12 12 12 6 12 12 6
2 3 0 7 7 7 3 7 10 3 15 15 15 15 3 3
2 0
2 6 6 6 6 0 6 6 12 12 12 6 12 12 6
2 3 0 7 7 7 3 7 10 3 15 15 15 15 3 3
2 0
2 6 6 6 6 0 6 6 12 12 12 6 12 12 6
2 3 0 7 7 7 3 7 10 3 15 15 15 15 3 3
3 3 0 3
2 6 6 6 6 0 6 6 12 12 12 6 12 12 6
2 3 0 7 7 7 3 7 10 3 15 15 15 15 3 3
3 3 0 3
2 6 6 6 6 0 6 6 12 12 12 6 12 12 6
2 3 0 7 7 7 3 7 10 3 15 15 15 15 3 3
4 3 4 0 6 4 8 6
2 6 6 6 6 0 6 6 12 12 12 6 12 12 6
2 3 0 7 7 7 3 7 10 3 15 15 15 15 3 3
4 3 4 0 6 4 6 6
2 6 6 6 6 0 6 6 12 12 12 6 12 12 6
2 3 0 7 7 7 3 7 10 3 15 15 15 15 3 3
4 3 4 0 6 4 8 9 6
2 6 6 6 6 0 6 6 12 12 12 6 12 12 6
2 3 0 7 7 7 3 7 10 3 15 15 15 15 3 3
4 3 4 0 6 4 8 9 6
2 6 6 6 6 0 6 6 12 12 12 6 12 12 6
2 3 0 7 7 7 3 7 10 3 15 15 15 15 3 3
4 3 4 0 6 4 8 9 6 4
2 4 4 0
2 6 6 6 6 0 6 6 12 12 12 6 12 12 6
2 3 0 7 7 7 3 7 10 3 15 15 15 15 3 3
4 3 4 0 6 4 8 9 6 4
2 4 4 0
2 6 6 6 6 0 6 6 12 12 12 6 12 12 6
2 3 0 7 7 7 3 7 10 3 15 15 15 15 3 3
4 3 4 0 6 4 8 9 6 4
2 4 4 0 8 8 8 4 10 8 12 10 14 12
2 6 6 6 6 0 6 6 12 12 12 6 12 12 6
2 3 0 7 7 7 3 7 10 3 15 15 15 15 3 3
4 3 4 0 6 4 8 9 6 4
2 4 4 0 8 8 8 4 10 8 12 10 14 12
2 6 6 6 6 0 6 6 12 12 12 6 12 12 6
2 3 0 7 7 7 3 7 10 3 15 15 15 15 3 3
4 3 4 0 6 4 8 9 6 4
2 4 4 8 6 4 8 0 10 8 12 10 15 15 8
2 6 6 6 6 0 6 6 12 12 12 6 12 12 6
2 3 0 7 7 7 3 7 10 3 15 15 15 15 3 3
4 3 4 0 6 4 8 9 6 4
2 4 4 8 6 4 8 0 10 8 12 10 15 15 8
2 6 6 6 6 0 6 6 12 12 12 6 12 12 6
2 3 0 7 7 7 3 7 10 3 15 15 15 15 3 3
4 3 4 0 6 4 8 9 6 4
2 4 4 8 6 4 8 0 10 8 12 10 16 16 16 10 8
0 1
2 6 6 6 6 0 6 6 12 12 12 6 12 12 6
2 3 0 7 7 7 3 7 10 3 15 15 15 15 3 3
4 3 4 0 6 4 8 9 6 4
2 4 4 8 6 4 8 0 10 8 12 10 16 16 16 10 8
0
2 6 6 6 6 0 6 6 12 12 12 6 12 12 6
2 3 0 7 7 7 3 7 10 3 15 15 15 15 3 3
4 3 4 0 6 4 8 9 6 4
2 4 4 8 6 4 8 0 10 8 12 10 16 16 16 10 8
3 3 0 5 3 8 8 3 3
