0
0
0
2 0 4 2 6 2
2 0 4 2 6 2
2 0 4 2 6 2 8 6 10 8 8 16 16 16 16 11 16 19 17
2 0 4 2 6 2 8 6 10 8 8 16 16 16 16 11 16 19 17
2 0 4 2 6 2 8 6 10 8 8 16 16 16 16 11 16 23 20 23 22 23 2 23 27 27 23 29 27
2 0 4 2 6 2 8 6 10 8 8 16 16 16 16 11 16 23 20 23 22 23 2 23 27 27 23 29 27
2 0 4 2 6 2 8 6 10 8 8 16 16 16 16 11 16 23 20 23 22 23 2 23 29 27 29 29 23
2 0 4 2 6 2 8 6 10 8 8 16 16 16 16 11 16 23 20 23 22 23 2 23 29 27 29 29 23
2 0 4 2 6 2 8 6 10 8 8 16 16 16 16 11 16 23 20 23 22 23 2 23 31 27 31 29 31 31 23 33 31
2 0 4 2 6 2 8 6 10 8 8 16 16 16 16 11 16 23 20 23 22 23 2 23 31 27 31 29 31 31 23 31
2 0 4 2 6 2 8 6 10 8 8 16 16 16 16 11 16 23 20 23 22 23 2 23 31 27 31 29 31 31 23 34 34 31 37 37 31 40 40 37 40 41
2 0 4 2 6 2 8 6 10 8 8 16 16 16 16 11 16 23 20 23 22 23 2 23 31 27 31 29 31 31 23 34 34 31 37 37 31 40 40 37 40
2 0 4 2 6 2 8 6 10 8 8 16 16 16 16 2 16 23 20 23 22 23 2 23 31 27 31 29 31 31 23 34 34 31 37 37 31 42 40 42 42 31 45 45 42 47 45 49 47 51 45
2 0 4 2 6 2 8 6 10 8 8 16 16 16 16 2 16 23 20 23 22 23 2 23 31 27 31 29 31 31 23 34 34 31 37 37 31 42 40 42 42 31 45 45 42 47 45 49 47 51 45
2 0 4 2 6 2 8 6 10 8 8 16 16 16 16 2 16 23 20 23 22 23 2 23 31 27 31 29 31 31 23 34 34 31 37 37 31 42 40 42 42 31 45 45 42 47 45 49 47 51 45 53 51 56 54 53
2 0 4 2 6 2 8 6 10 8 8 16 16 16 16 2 16 23 20 23 22 23 2 23 31 27 31 29 31 31 23 34 34 31 37 37 31 42 40 42 42 31 45 45 42 47 45 49 47 51 45 53 51 56 54 53
2 0 4 2 6 2 8 6 10 8 8 16 16 16 16 2 16 23 20 23 22 23 2 23 31 27 31 29 31 31 23 34 34 31 37 37 31 42 40 42 42 31 45 45 42 47 45 49 47 51 45 53 51 56 54 53
