0
0
0
0
0
2 4 4 0 7 7 4 7 7
2 4 4 0 7 7 4 7 8
0
2 4 4 0 7 7 4 7 10 8 4
0
2 4 4 0 7 7 4 7 10 8 4
2 4 4 0 7 7 4 7 10 8 4
2 0
2 4 4 0 7 7 4 7 10 8 4
0
2 4 4 0 7 7 4 7 10 8 4
2 3 0 6 6 3
5 3 5 5 0 5 8 5
2 4 4 0 7 7 4 7 10 8 4
2 3 0 6 6 3
5 3 5 5 0 5 8 5
2 4 4 0 7 7 4 7 10 8 4
2 3 0 6 6 3
5 3 5 5 0 5 5 10 10 5
2 4 4 0 7 7 4 7 10 8 4
2 3 0 6 6 3
5 3 5 5 0 5 5 10 10 5
2 4 4 0 7 7 4 7 10 8 4
2 3 0 5 3 3
5 3 5 5 0 5 5 10 10 5
2 4 4 0 7 7 4 7 10 8 4
2 3 0 5 3 3
5 3 5 5 0 5 11 11 11 11 5 5
4 4 4 0
2 4 4 0 7 7 4 7 10 8 4
2 3 0 5 3 3
5 3 5 5 0 5 11 11 11 11 5 5
2 0
2 4 4 0 7 7 4 7 10 8 4
2 3 0 5 3 3
5 3 5 5 0 5 11 11 11 11 5 5
4 4 4 0 7 7 4 9 7
2 4 4 0 7 7 4 7 10 8 4
2 3 0 5 3 3
5 3 5 5 0 5 11 11 11 11 5 5
4 4 4 0 7 7 4 9 7
2 4 4 0 7 7 4 7 10 8 4
2 3 0 5 3 3
5 3 5 5 0 5 11 11 11 11 5 5
12 4 4 12 7 7 4 9 7 12 12 0 14 16 16 12 19 19 16 19 22 20 12
2 3 0 5 3 3
5 3 5 5 0 5 11 11 11 11 5 5
12 4 4 12 7 7 4 9 7 12 12 0
2 4 4 0 7 7 4 7 10 8 4
2 3 0 5 3 3
5 3 5 5 0 5 11 11 11 11 5 5
12 4 4 12 7 7 4 9 7 12 12 0 14 12
2 4 4 0 7 7 4 7 10 8 4
2 3 0 5 3 3
5 3 5 5 0 5 11 11 11 11 5 5
12 4 4 12 7 7 4 9 7 12 12 0 14 12
2 4 4 0 7 7 4 7 10 8 4
2 3 0 5 3 3
5 3 5 5 0 5 11 11 11 11 5 5
12 4 4 12 7 7 4 9 7 12 12 0 14 12 16 14 18 14 21 21 14
2 4 4 0 7 7 4 7 10 8 4
2 3 0 5 3 3
5 3 5 5 0 5 11 11 11 11 5 5
12 4 4 12 7 7 4 9 7 12 12 0 14 12 16 14 18 14 21 21 14
2 4 4 0 7 7 4 7 10 8 4
2 3 0 5 3 3
5 3 5 5 0 5 11 11 11 11 5 5
12 4 4 12 7 7 4 9 7 12 12 0 14 12 16 14 18 14 21 21 14
2 4 4 0 7 7 4 7 10 8 4
2 3 0 5 3 5 3
5 3 5 5 0 5 11 11 11 11 5 5
12 4 4 12 7 7 4 9 7 12 12 0 14 12 16 14 18 14 21 21 14
2 4 4 0 7 7 4 7 10 8 4
2 3 0 5 3 5 3
5 3 5 5 0 5 11 11 11 11 5 5
12 4 4 12 7 7 4 9 7 12 12 0 14 12 16 14 18 14 21 21 14
2 4 4 0 7 7 4 7 10 8 4
2 3 0 5 3 7 5 3
5 3 5 5 0 5 11 11 11 11 5 5
12 4 4 12 7 7 4 9 7 12 12 0 14 12 16 14 18 14 21 21 14
2 4 4 0 7 7 4 7 10 8 4
2 3 0 5 3 7 5 3
5 3 5 5 0 5 11 11 11 11 5 5
12 4 4 12 7 7 4 9 7 12 12 0 14 12 16 14 18 14 21 21 14
2 4 4 0 7 7 4 7 10 8 4
2 3 0 5 3 7 5 3
5 3 5 5 0 5 11 11 11 11 5 5
12 4 4 12 7 7 4 9 7 12 12 0 14 12 16 14 18 14 21 21 14
2 4 4 0 7 7 4 7 10 8 4
2 3 0 5 3 7 5 3
5 3 5 5 0 5 11 11 11 11 5 5
12 4 4 12 7 7 4 9 7 12 12 0 14 12 16 14 18 14 21 21 14 23 14 23 28 28 28 23
2 4 4 0 7 7 4 7 10 8 4
2 3 0 5 3 7 5 3
5 3 5 5 0 5 11 11 11 11 5 5
12 4 4 12 7 7 4 9 7 12 12 0 14 12 16 14 18 14 21 21 14 23 14 23 28 28 28 23
2 4 4 0 7 7 4 7 10 8 4
2 3 0 5 3 7 5 3
5 3 5 5 0 5 11 11 11 11 5 5
12 4 4 12 7 7 4 9 7 12 12 0 14 12 16 14 18 14 21 21 14 23 14 23 28 27 28 12 28
2 4 4 0 7 7 4 7 10 8 4
2 3 0 5 3 7 5 3
5 3 5 5 0 5 11 11 11 11 5 5
12 4 4 12 7 7 4 9 7 12 12 0 14 12 16 14 18 14 21 21 14 23 14 23 28 27 28 12
2 4 4 0 7 7 4 7 10 8 4
2 3 0 5 3 7 5 3
5 3 5 5 0 5 11 11 11 11 5 5
12 4 4 12 7 7 4 9 7 12 12 0 14 12 16 14 18 14 21 21 14 23 12 23 30 27 30 27 30 12 30 31
2 4 4 0 7 7 4 7 10 8 4
2 3 0 5 3 7 5 3
5 3 5 5 0 5 11 11 11 11 5 5
12 4 4 12 7 7 4 9 7 12 12 0 14 12 16 14 18 14 21 21 14 23 12 23 30 27 30 27 30 12 30 31
2 4 4 0 7 7 4 7 10 8 4
0
2 3 0 5 3 7 5 3
5 3 5 5 0 5 11 11 11 11 5 5
12 4 4 12 7 7 4 9 7 12 12 0 14 12 16 14 18 14 21 21 14 23 12 23 30 27 30 27 30 12 30 31
2 4 4 0 7 7 4 7 10 8 4
4 3 1 0 6 4 8 6 4
5 3 5 5 0 5 11 11 11 11 5 5
12 4 4 12 7 7 4 9 7 12 12 0 14 12 16 14 18 14 21 21 14 23 12 23 30 27 30 27 30 12 30 31
2 4 4 0 7 7 4 7 10 8 4
3 3 0 5 3 7 8 3 10 8 12 10 8
5 3 5 5 0 5 11 11 11 11 5 5
12 4 4 12 7 7 4 9 7 12 12 0 14 12 16 14 18 14 21 21 14 23 12 23 30 27 30 27 30 12 30 31
2 4 4 0 7 7 4 7 10 8 4
3 3 0 5 3 7 8 3 10 8 12 10 8
5 3 5 5 0 5 11 11 11 11 5 5
12 4 4 12 7 7 4 9 7 12 12 0 14 12 16 14 18 14 21 21 14 23 12 23 30 27 30 27 30 12 30 31
2 4 4 0 7 7 4 7 10 8 4
3 3 0 5 3 9 9 9 5 11 9 3
2 3 0 5 3 7 5 3
5 3 5 5 0 5 11 11 11 11 5 5
12 4 4 12 7 7 4 9 7 12 12 0 14 12 16 14 18 14 21 21 14 23 12 23 30 27 30 27 30 12 30 31
2 4 4 0 7 7 4 7 10 8 4
3 3 0 5 3 9 9 9 5 11 9 3
2 3 0 5 3 7 5 3
5 3 5 5 0 5 11 11 11 11 5 5
12 4 4 12 7 7 4 9 7 12 12 0 14 12 16 14 18 14 21 21 14 23 14 23 30 27 30 27 30 12 30 31 40 36 36 40 38 36 40 12
2 4 4 0 7 7 4 7 10 8 4
3 3 0 5 3 9 9 9 5 11 9 3
2 3 0 5 3 7 5 3
5 3 5 5 0 5 11 11 11 11 5 5
12 4 4 12 7 7 4 9 7 12 12 0 14 12 16 14 18 14 21 21 14 23 14 23 30 27 30 27 30 12 30 31 36 36 36 31 38 36 36 12
2 4 4 0 7 7 4 7 10 8 4
3 3 0 5 3 9 9 9 5 11 9 3
2 3 0 5 3 7 5 3
5 3 5 5 0 5 11 11 11 11 5 5
12 4 4 12 7 7 4 9 7 12 12 0 14 12 16 14 18 14 21 21 14 23 14 23 30 27 30 27 30 12 30 31 36 36 36 31 38 36 36 39
2 4 4 0 7 7 4 7 10 8 4
3 3 0 5 3 9 9 9 5 11 9 3
2 3 0 5 3 7 5 3
5 3 5 5 0 5 11 11 11 11 5 5
12 4 4 12 7 7 4 9 7 12 12 0 14 12 16 14 18 14 21 21 14 23 14 23 30 27 30 27 30 12 30 31 36 36 36 31 38 36 36 12
2 4 4 0 7 7 4 7 10 8 4
3 3 0 5 3 9 9 9 5 11 9 3
2 3 0 5 3 7 5 3
5 3 5 5 0 5 11 11 11 11 5 5
12 4 4 12 7 7 4 9 7 12 12 0 14 12 16 14 18 14 21 21 14 23 14 23 30 27 30 27 30 12 30 31 36 36 36 31 38 36 36 36
2 4 4 0 7 7 4 7 10 8 4
3 3 0 5 3 9 9 9 5 11 9 3
2 3 0 5 3 7 5 3
5 3 5 5 0 5 11 11 11 11 5 5
12 4 4 12 7 7 4 9 7 12 12 0 14 12 16 14 18 14 21 21 14 23 14 23 30 27 30 27 30 12 30 31 40 36 36 40 38 36 40 12
2 4 4 0 7 7 4 7 10 8 4
3 3 0 5 3 9 9 9 5 11 9 3
2 3 0 5 3 7 5 3
5 3 5 5 0 5 11 11 11 11 5 5
12 4 4 12 7 7 4 9 7 12 12 0 14 12 16 14 18 14 21 21 14 23 14 23 30 27 30 27 30 12 30 31 40 36 36 40 38 36 40 12
2 4 4 0 7 7 4 7 10 8 4
3 3 0 5 3 9 9 9 5 11 9 3
2 3 0 5 3 7 5 3
5 3 5 5 0 5 11 11 11 11 5 5
12 4 4 12 7 7 4 9 7 12 12 0 14 12 16 14 18 14 21 21 14 23 14 23 30 27 30 27 30 12 30 31 40 36 36 40 38 36 40 12
2 4 4 0 7 7 4 7 10 8 4
3 3 0 5 3 9 9 9 5 11 9 3
2 3 0 5 3 7 5 3
5 3 5 5 0 5 11 11 11 11 5 5
12 4 4 12 7 7 4 9 7 12 12 0 14 12 16 14 18 14 21 21 14 23 14 23 30 27 30 27 30 12 30 31 40 36 36 31 38 36 40 36 42 40
2 4 4 0 7 7 4 7 10 8 4
3 3 0 5 3 9 9 9 5 11 9 3
2 3 0 5 3 7 5 3
5 3 5 5 0 5 11 11 11 11 5 5
12 4 4 12 7 7 4 9 7 12 12 0 14 12 16 14 18 14 21 21 14 23 14 23 30 27 30 27 30 12 30 31 42 36 36 42 38 36 42 42 42 12
2 4 4 0 7 7 4 7 10 8 4
3 3 0 5 3 9 9 9 5 11 9 3
2 3 0 5 3 7 5 3
5 3 5 5 0 5 11 11 11 11 5 5
12 4 4 12 7 7 4 9 7 12 12 0 14 12 16 14 18 14 21 21 14 23 14 23 30 27 30 27 30 12 30 41 35 35 41 37 35 41 41 38 12
2 4 4 0 7 7 4 7 10 8 4
3 3 0 5 3 9 9 9 5 11 9 3
2 3 0 5 3 7 5 3
5 3 5 5 0 5 11 11 11 11 5 5
12 4 4 12 7 7 4 9 7 12 12 0 14 12 16 14 18 14 21 21 14 23 14 23 30 27 30 27 30 12 30 30 42 36 36 42 38 36 42 42 42 12
2 4 4 0 7 7 4 7 10 8 4
3 3 0 5 3 9 9 9 5 11 9 3
2 3 0 5 3 7 5 3
5 3 5 5 0 5 11 11 11 11 5 5
12 4 4 12 7 7 4 9 7 12 12 0 14 12 16 14 18 14 21 21 14 23 14 23 30 27 30 27 30 12 30 30 42 36 36 42 38 36 42 42 42 12
2 4 4 0 7 7 4 7 10 8 4
3 3 0 5 3 9 9 9 5 11 9 3
2 3 0 5 3 7 5 3
5 3 5 5 0 5 11 11 11 11 5 5
12 4 4 12 7 7 4 9 7 12 12 0 14 12 16 14 18 14 21 21 14 23 14 23 30 27 30 27 30 12 30 30 42 36 36 42 38 36 42 42 42 12
2 4 4 0 7 7 4 7 10 8 4
3 3 0 5 3 9 9 9 5 11 9 3
2 3 0 5 3 7 5 3
5 3 5 5 0 5 11 11 11 11 5 5
12 4 4 12 7 7 4 9 7 12 12 0 14 12 16 14 18 14 21 21 14 23 14 23 30 27 30 27 30 12 30 30 42 36 36 42 38 36 42 42 42 12 42 42 12
