2 0 5 5 2 8 8 5 8 11 5 11 14 11
2 0 5 5 2 8 8 5 8 11 5 11 14 11
2 0 5 5 2 8 8 5 8 11 5 11 14 11 2
2 0 5 5 2 8 8 5 8 11 5 11 14 11 2
2 0 5 5 2 8 8 5 8 11 5 11 14 11 17 17 14
2 0 5 5 2 8 8 5 8 11 5 11 14 11 17 17 14
2 0 5 5 2 8 8 5 8 11 5 11 14 11 17 17 14
2 0 5 5 2 8 8 5 10 8 12 5 12 15 12 18 18 15
2 0 5 5 2 8 8 5 10 8 12 5 12 15 12 18 18 15
2 0 5 5 2 8 8 5 10 8 12 5 12 15 12 18 18 15
2 0 4 2 7 7 2
2 0 5 5 2 8 8 5 10 8 12 5 12 15 12 18 18 15
2 0 4 2 7 7 2
2 0 5 5 2 8 8 5 10 8 12 5 12 15 12 18 18 15
2 0 4 2 7 7 4 7
2 0 5 5 2 8 8 5 10 8 12 5 12 15 12 18 18 15
2 0 4 2 7 7 2
2 0 5 5 2 8 8 5 10 8 12 5 12 15 12 18 18 15
2 0 4 2 8 8 8 2
2 0 5 5 2 8 8 5 10 8 12 5 12 15 12 18 18 15
2 0 4 2 8 8 8 2
2 0 5 5 2 8 8 5 10 8 12 5 12 15 12 18 18 15
2 0 4 2 10 10 10 10 10 2
2 0 5 5 2 8 8 5 10 8 12 5 12 15 12 18 18 15
2 0 4 2 9 9 9 9 2
2 0 5 5 2 8 8 5 10 8 12 5 12 15 12 18 18 15
2 0 4 2 11 11 11 11 11 11 2 11 14 11 16 14
2 0 5 5 2 8 8 5 10 8 12 5 12 15 12 18 18 15
2 0 4 2 11 11 11 11 11 11 2 11 14 11 16 14
2 0 5 5 2 8 8 5 10 8 12 5 12 15 12 18 18 15
2 0 4 2 11 11 11 11 11 11 2 11 14 11 16 14
2 0 5 5 2 8 8 5 10 8 12 5 12 15 12 18 18 15
2 0 4 2 11 11 11 11 11 11 2 11 14 11 16 14
2 0 5 5 2 8 8 5 10 8 12 5 12 15 12 18 18 15
2 17 4 2 11 11 11 11 11 11 2 11 14 11 16 14 0 20 20 17
2 0 5 5 2 8 8 5 10 8 12 5 12 15 12 18 18 15
2 0 4 2 11 11 11 11 11 11 2 11 14 11 16 14 14
2 0 5 5 2 8 8 5 10 8 12 5 12 15 12 18 18 15
2 0 4 2 11 11 11 11 11 11 2 11 14 11 16 14 14
3 3 0
2 0 5 5 2 8 8 5 10 8 12 5 12 15 12 18 18 15
2 0 4 2 11 11 11 11 11 11 2 11 14 11 16 14 14
3 3 0
