2 0 5 5 2 5
2 0 5 5 2
2 0 5 5 2 7 5
2 0 5 5 2 7 5
2 0 9 5 9 5 9 9 2 11 9
2 0 9 5 9 5 9 9 2
2 0 9 5 9 5 9 9 2 11 9 2
2 0 9 6 6 9 9 9 2 11 9
2 0 9 5 9 5 9 9 2 11 9 2
2 0 9 6 6 9 9 9 2 9
2 0 9 5 9 5 9 9 2 11 9 2
2 0 9 6 6 9 9 9 2 11 9 13 11 15 13
2 0 9 5 9 5 9 9 2 11 9 2
2 0 9 6 6 9 9 9 2 11 9 13 11 2
2 0 9 5 9 5 9 9 2 11 9 2
2 0 9 9 6 9 9 9 2 11 9 13 11 13
2 0 9 5 9 5 9 9 2 11 9 2
2 0 9 9 6 9 9 9 2 11 9 13 11 13
2 0 9 5 9 5 9 9 2 11 9 2
2 0 9 6 6 9 9 9 2 11 9 13 11 13 16 13 2
2 0 7 5 7 7 2 9 7 2
2 0 9 6 6 9 9 9 2 11 9 13 11 13 16 13 2
2 0 7 5 7 7 2 9 7 2
2 0 9 6 6 9 9 9 2 11 9 13 11 13 16 13 2
2 0 7 5 7 7 2 9 7 2
2 0 9 6 6 9 9 9 2 11 9 13 11 13 16 13 2
2 0 9 5 9 5 9 9 2 11 9 2
2 0 9 6 6 9 9 9 2 11 9 13 11 13 16 13 2
2 0 8 5 8 5 8 2 10 8 2
2 0 9 6 6 9 9 9 2 11 9 13 11 13 16 13 2
2 0 9 5 9 5 9 9 2 11 9 2
2 0 9 6 6 9 9 9 2 11 9 13 11 13 16 13 2
2 0 9 5 9 5 9 9 2 11 9 2
2 0 9 6 6 9 9 9 2 11 9 13 11 13 16 13 2
2 0 9 5 9 5 9 9 2 11 9 2
2 0 9 6 6 9 9 9 2 11 9 13 11 9 16 14 2
2 0 9 5 9 5 9 9 2 11 9 2
2 0 9 6 6 9 9 9 2 11 9 13 11 9 16 14 2
5 1 5 5 0 5 5
2 0 9 5 9 5 9 9 2 11 9 2
2 0 9 6 6 9 9 9 2 11 9 13 11 9 16 14 2
5 1 5 5 0 5 5
2 0 9 5 9 5 9 9 2 11 9 2
2 0 9 6 6 9 9 9 2 11 9 13 11 9 16 14 2
5 1 5 5 0 5 5 9 7 5
2 0 9 5 9 5 9 9 2 11 9 2
2 0 9 6 6 9 9 9 2 11 9 13 11 9 16 14 2
5 1 5 5 0 5 9 9 5
2 0 9 5 9 5 9 9 2 11 9 2
2 0 9 6 6 9 9 9 2 11 9 13 11 9 16 14 2
5 1 5 5 0 5 5 9 7
2 0 9 5 9 5 9 9 2 11 9 2
2 0 9 6 6 9 9 9 2 11 9 13 11 9 16 14 2
5 1 5 5 0 5 5 9 7
2 0 9 5 9 5 9 9 2 11 9 2
2 0 9 6 6 9 9 9 2 11 9 13 11 9 16 14 2
5 1 5 5 0 5 5 9 7 5
0 1
2 0 9 5 9 5 9 9 2 11 9 2
2 0 9 6 6 9 9 9 2 11 9 13 11 9 16 14 2
5 1 5 5 0 5 5 9 7
0 1
2 0 9 5 9 5 9 9 2 11 9 2
2 0 9 6 6 9 9 9 2 11 9 13 11 9 16 14 2
5 1 5 5 0 5 5 9 7 5
0 1
2 0 9 5 9 5 9 9 2 11 9 2
2 0 9 6 6 9 9 9 2 11 9 13 11 9 16 14 2
5 1 5 5 0 5 5 9 7 5
0 1
3 3 10 6 6 3 10 10 10 0 10
2 0 9 5 9 5 9 9 2 11 9 2
2 0 9 6 6 9 9 9 2 11 9 13 11 9 16 14 2
5 1 5 5 0 5 5 9 7 5
0 1
3 3 10 6 6 3 10 10 10 0
2 0 9 5 9 5 9 9 2 11 9 2
2 0 9 6 6 9 9 9 2 11 9 13 11 9 16 14 2
5 1 5 5 0 5 5 9 7 5
0 1
3 3 10 6 6 3 10 10 10 0 10
2 0 9 5 9 5 9 9 2 11 9 2
2 0 9 6 6 9 9 9 2 11 9 13 11 9 16 14 2
5 1 5 5 0 5 5 9 7 5
0 1
3 3 10 6 6 3 10 10 10 0
2 0 9 5 9 5 9 9 2 11 9 2
2 0 9 6 6 9 9 9 2 11 9 13 11 9 16 14 2
5 1 5 5 0 5 5 9 7 5
0 1
3 3 13 6 6 3 13 13 10 13 10 13 0
2 0 9 5 9 5 9 9 2 11 9 2
2 0 9 6 6 9 9 9 2 11 9 13 11 9 16 14 2
5 1 5 5 0 5 5 9 7 5
0 1
3 3 13 6 6 3 13 13 10 13 10 13 0
2 0 9 5 9 5 9 9 2 11 9 2
2 0 9 6 6 9 9 9 2 11 9 13 11 9 16 14 2
5 1 5 5 0 5 5 9 7 5
0 1
3 3 13 6 6 3 13 13 10 13 10 13 0 13
4 4 4 0
2 0 9 5 9 5 9 9 2 11 9 2
2 0 9 6 6 9 9 9 2 11 9 13 11 9 16 14 2
5 1 5 5 0 5 5 9 7 5
0 1
3 3 13 6 6 3 13 13 10 13 10 13 0 13
4 4 4 0
2 0 9 5 9 5 9 9 2 11 9 2
2 0 9 6 6 9 9 9 2 11 9 13 11 9 16 14 2
5 1 5 5 0 5 5 9 7 5
0 1
3 3 13 6 6 3 13 13 10 13 10 13 0 13
4 4 4 0 4
2 0 9 5 9 5 9 9 2 11 9 2
2 0 9 6 6 9 9 9 2 11 9 13 11 9 16 14 2
5 1 5 5 0 5 5 9 7 5
0 1
3 3 13 6 6 3 13 13 10 13 10 13 0 13
4 4 4 0 4
2 0 9 5 9 5 9 9 2 11 9 2
2 0 9 6 6 9 9 9 2 11 9 13 11 9 16 14 2
5 1 5 5 0 5 5 9 7 5
0 1
3 3 13 6 6 3 13 13 10 13 10 13 0 13
4 4 4 0 4
2 0 9 5 9 5 9 9 2 11 9 2
2 0 9 6 6 9 9 9 2 11 9 13 11 9 16 14 2
5 1 5 5 0 5 5 9 7 5
0 1
3 3 13 6 6 3 13 13 10 13 10 13 0 13
4 4 4 0
2 0 9 5 9 5 9 9 2 11 9 2
2 0 9 6 6 9 9 9 2 11 9 13 11 9 16 14 2
5 1 5 5 0 5 5 9 7 5
0 1
3 3 13 6 6 3 13 13 10 13 10 13 0 13
4 4 4 0 4
5 5 5 5 0
2 0 9 5 9 5 9 9 2 11 9 2
2 0 9 6 6 9 9 9 2 11 9 13 11 9 16 14 2
5 1 5 5 0 5 5 9 7 5
0 1
3 3 13 6 6 3 13 13 10 13 10 13 0 13
4 4 4 0 4
5 5 5 5 0
2 0 9 5 9 5 9 9 2 11 9 2
2 0 9 6 6 9 9 9 2 11 9 13 11 9 16 14 2
5 1 5 5 0 5 5 9 7 5
0 1
3 3 13 6 6 3 13 13 10 13 10 13 0 13
4 4 4 0 4
5 5 5 5 0 9 9 9 5 5
3 3 0
2 0 9 5 9 5 9 9 2 11 9 2
2 0 9 6 6 9 9 9 2 11 9 13 11 9 16 14 2
5 1 5 5 0 5 5 9 7 5
0 1
3 3 13 6 6 3 13 13 10 13 10 13 0 13
4 4 4 0 4
5 5 5 5 0 9 9 9 5 5
3 3 0
2 0 9 5 9 5 9 9 2 11 9 2
2 0 9 6 6 9 9 9 2 11 9 13 11 9 16 14 2
5 1 5 5 0 5 5 9 7 5
0 1
3 3 13 6 6 3 13 13 10 13 10 13 0 13
4 4 4 0 4
5 5 5 5 0 9 9 9 5 5
5 3 5 5 0 5
2 0 9 5 9 5 9 9 2 11 9 2
2 0 9 6 6 9 9 9 2 11 9 13 11 9 16 14 2
5 1 5 5 0 5 5 9 7 5
0 1
3 3 13 6 6 3 13 13 10 13 10 13 0 13
4 4 4 0 4
5 5 5 5 0 9 9 9 5 5
5 3 5 5 0
2 0 9 5 9 5 9 9 2 11 9 2
2 0 9 6 6 9 9 9 2 11 9 13 11 9 16 14 2
5 1 5 5 0 5 5 9 7 5
0 1
3 3 13 6 6 3 13 13 10 13 10 13 0 13
4 4 4 0 4
5 5 5 5 0 9 9 9 5 5
5 3 5 5 0 8 8 5 13 13 13 13 5 5
4 1 4 0 6 4 8 6 12 12 12 8 12
2 0 9 5 9 5 9 9 2 11 9 2
2 0 9 6 6 9 9 9 2 11 9 13 11 9 16 14 2
5 1 5 5 0 5 5 9 7 5
0 1
3 3 13 6 6 3 13 13 10 13 10 13 0 13
4 4 4 0 4
5 5 5 5 0 9 9 9 5 5
5 3 5 5 0 8 8 5 13 13 13 13 5 5
4 1 4 0 6 4 8 6 12 12 12 8
2 0 9 5 9 5 9 9 2 11 9 2
2 0 9 6 6 9 9 9 2 11 9 13 11 9 16 14 2
5 1 5 5 0 5 5 9 7 5
0 1
3 3 13 6 6 3 13 13 10 13 10 13 0 13
4 4 4 0 4
5 5 5 5 0 9 9 9 5 5
5 3 5 5 0 8 8 5 13 13 13 13 5 5
4 1 4 0 6 4 8 6 12 12 12 8 12 4
2 0 2
2 0 9 5 9 5 9 9 2 11 9 2
2 0 9 6 6 9 9 9 2 11 9 13 11 9 16 14 2
5 1 5 5 0 5 5 9 7 5
0 1
3 3 13 6 6 3 13 13 10 13 10 13 0 13
4 4 4 0 4
5 5 5 5 0 9 9 9 5 5
5 3 5 5 0 8 8 5 13 13 13 13 5 5
4 1 4 0 6 4 8 6 12 12 12 8 12 4
2 0
2 0 9 5 9 5 9 9 2 11 9 2
2 0 9 6 6 9 9 9 2 11 9 13 11 9 16 14 2
5 1 5 5 0 5 5 9 7 5
0 1
3 3 13 6 6 3 13 13 10 13 10 13 0 13
4 4 4 0 4
5 5 5 5 0 9 9 9 5 5
5 3 5 5 0 8 8 5 13 13 13 13 5 5
4 1 4 0 6 4 8 6 12 12 12 8 12 4
2 0 2
2 0 9 5 9 5 9 9 2 11 9 2
2 0 9 6 6 9 9 9 2 11 9 13 11 9 16 14 2
5 1 5 5 0 5 5 9 7 5
0 1
3 3 13 6 6 3 13 13 10 13 10 13 0 13
4 4 4 0 4
5 5 5 5 0 9 9 9 5 5
5 3 5 5 0 8 8 5 13 13 13 13 5 5
4 1 4 0 6 4 8 6 12 12 12 8 12 4
2 0
2 0 9 5 9 5 9 9 2 11 9 2
2 0 9 6 6 9 9 9 2 11 9 13 11 9 16 14 2
5 1 5 5 0 5 5 9 7 5
0 1
3 3 13 6 6 3 13 13 10 13 10 13 0 13
4 4 4 0 4
5 5 5 5 0 9 9 9 5 5
5 3 5 5 0 8 8 5 13 13 13 13 5 5
4 1 4 0 6 4 8 6 12 12 12 8 12 4
2 4 4 0 4 7 10 10 10 4 14 14 14 4
2 0 9 5 9 5 9 9 2 11 9 2
2 0 9 6 6 9 9 9 2 11 9 13 11 9 16 14 2
5 1 5 5 0 5 5 9 7 5
0 1
3 3 13 6 6 3 13 13 10 13 10 13 0 13
4 4 4 0 4
5 5 5 5 0 9 9 9 5 5
5 3 5 5 0 8 8 5 13 13 13 13 5 5
4 1 4 0 6 4 8 6 12 12 12 8 12 4
2 4 4 0 4 7 10 10 10 4 14 14 14 4
2 0 9 5 9 5 9 9 2 11 9 2
2 0 9 6 6 9 9 9 2 11 9 13 11 9 16 14 2
5 1 5 5 0 5 5 9 7 5
0 1
3 3 13 6 6 3 13 13 10 13 10 13 0 13
4 4 4 0 4
5 5 5 5 0 9 9 9 5 5
5 3 5 5 0 8 8 5 13 13 13 13 5 5
4 1 4 0 6 4 8 6 12 12 12 8 12 4
2 4 4 0 4 7 10 10 10 4 14 14 14 4 14 14
2 0 9 5 9 5 9 9 2 11 9 2
2 0 9 6 6 9 9 9 2 11 9 13 11 9 16 14 2
5 1 5 5 0 5 5 9 7 5
0 1
3 3 13 6 6 3 13 13 10 13 10 13 0 13
4 4 4 0 4
5 5 5 5 0 9 9 9 5 5
5 3 5 5 0 8 8 5 13 13 13 13 5 5
4 1 4 0 6 4 8 6 12 12 12 8 12 4
2 4 4 0 4 7 5 10 10 7 14 14 14 4 14
2 0 9 5 9 5 9 9 2 11 9 2
2 0 9 6 6 9 9 9 2 11 9 13 11 9 16 14 2
5 1 5 5 0 5 5 9 7 5
0 1
3 3 13 6 6 3 13 13 10 13 10 13 0 13
4 4 4 0 4
5 5 5 5 0 9 9 9 5 5
5 3 5 5 0 8 8 5 13 13 13 13 5 5
4 1 4 0 6 4 8 6 12 12 12 8 12 4
2 4 4 0 4 7 5 10 10 7 14 14 14 4 14 14 14
2 0 9 5 9 5 9 9 2 11 9 2
2 0 9 6 6 9 9 9 2 11 9 13 11 9 16 14 2
5 1 5 5 0 5 5 9 7 5
0 1
3 3 13 6 6 3 13 13 10 13 10 13 0 13
4 4 4 0 4
5 5 5 5 0 9 9 9 5 5
5 3 5 5 0 8 8 5 13 13 13 13 5 5
4 1 4 0 6 4 8 6 12 12 12 8 12 4
2 4 4 0 4 7 5 10 10 7 14 14 14 4 14 14 14
2 0 9 5 9 5 9 9 2 11 9 2
2 0 9 6 6 9 9 9 2 11 9 13 11 9 16 14 2
5 1 5 5 0 5 5 9 7 5
0 1
3 3 13 6 6 3 13 13 10 13 10 13 0 13
4 4 4 0 4
5 5 5 5 0 9 9 9 5 5
5 3 5 5 0 8 8 5 13 13 13 13 5 5
4 1 4 0 6 4 8 6 12 12 12 8 12 4
2 4 4 0 4 7 5 10 10 7 14 14 14 4 14 14 18 14 4
6 3 1 3 6 0 9 9 6 11 9
2 0 9 5 9 5 9 9 2 11 9 2
2 0 9 6 6 9 9 9 2 11 9 13 11 9 16 14 2
5 1 5 5 0 5 5 9 7 5
0 1
3 3 13 6 6 3 13 13 10 13 10 13 0 13
4 4 4 0 4
5 5 5 5 0 9 9 9 5 5
5 3 5 5 0 8 8 5 13 13 13 13 5 5
4 1 4 0 6 4 8 6 12 12 12 8 12 4
2 4 4 0 4 7 5 10 10 7 14 14 14 4 14 14 18 14 4
6 3 1 3 6 0 9 9 6 11 9
2 0 9 5 9 5 9 9 2 11 9 2
2 0 9 6 6 9 9 9 2 11 9 13 11 9 16 14 2
5 1 5 5 0 5 5 9 7 5
0 1
3 3 13 6 6 3 13 13 10 13 10 13 0 13
4 4 4 0 4
5 5 5 5 0 9 9 9 5 5
5 3 5 5 0 8 8 5 13 13 13 13 5 5
4 1 4 0 6 4 8 6 12 12 12 8 12 4
2 4 4 0 4 7 5 10 10 7 14 14 14 4 14 14 18 14 4
6 3 1 3 6 0 9 9 6 11 9 13 6 15 13 6 6
2 0 9 5 9 5 9 9 2 11 9 2
2 0 9 6 6 9 9 9 2 11 9 13 11 9 16 14 2
5 1 5 5 0 5 5 9 7 5
0 1
3 3 13 6 6 3 13 13 10 13 10 13 0 13
4 4 4 0 4
5 5 5 5 0 9 9 9 5 5
5 3 5 5 0 8 8 5 13 13 13 13 5 5
4 1 4 0 6 4 8 6 12 12 12 8 12 4
2 4 4 0 4 7 5 10 10 7 14 14 14 4 14 14 18 14 4
6 3 1 3 6 0 9 9 6 11 9 13 6 15 13 6
2 0 9 5 9 5 9 9 2 11 9 2
2 0 9 6 6 9 9 9 2 11 9 13 11 9 16 14 2
5 1 5 5 0 5 5 9 7 5
0 1
3 3 13 6 6 3 13 13 10 13 10 13 0 13
4 4 4 0 4
5 5 5 5 0 9 9 9 5 5
5 3 5 5 0 8 8 5 13 13 13 13 5 5
4 1 4 0 6 4 8 6 12 12 12 8 12 4
2 4 4 0 4 7 5 10 10 7 14 14 14 4 14 14 18 14 4
6 3 1 3 6 0 9 9 6 11 9 13 9 15 13 6 6
0
2 0 9 5 9 5 9 9 2 11 9 2
2 0 9 6 6 9 9 9 2 11 9 13 11 9 16 14 2
5 1 5 5 0 5 5 9 7 5
0 1
3 3 13 6 6 3 13 13 10 13 10 13 0 13
4 4 4 0 4
5 5 5 5 0 9 9 9 5 5
5 3 5 5 0 8 8 5 13 13 13 13 5 5
4 1 4 0 6 4 8 6 12 12 12 8 12 4
2 4 4 0 4 7 5 10 10 7 14 14 14 4 14 14 18 14 4
6 3 1 3 6 0 9 9 6 11 9 13 9 15 13 6 6
2 0 9 5 9 5 9 9 2 11 9 2
2 0 9 6 6 9 9 9 2 11 9 13 11 9 16 14 2
5 1 5 5 0 5 5 9 7 5
0 1
3 3 13 6 6 3 13 13 10 13 10 13 0 13
4 4 4 0 4
5 5 5 5 0 9 9 9 5 5
5 3 5 5 0 8 8 5 13 13 13 13 5 5
4 1 4 0 6 4 8 6 12 12 12 8 12 4
2 4 4 0 4 7 5 10 10 7 14 14 14 4 14 14 18 14 4
6 3 1 3 6 0 9 9 6 11 9 13 9 15 13 6 6
2 0 6 5 6 2 8 6 8 12 12 6 14 12 14 2
2 0 9 5 9 5 9 9 2 11 9 2
2 0 9 6 6 9 9 9 2 11 9 13 11 9 16 14 2
5 1 5 5 0 5 5 9 7 5
0 1
3 3 13 6 6 3 13 13 10 13 10 13 0 13
4 4 4 0 4
5 5 5 5 0 9 9 9 5 5
5 3 5 5 0 8 8 5 13 13 13 13 5 5
4 1 4 0 6 4 8 6 12 12 12 8 12 4
2 4 4 0 4 7 5 10 10 7 14 14 14 4 14 14 18 14 4
6 3 1 3 6 0 9 9 6 11 9 13 9 15 13 6 6
2 0 6 5 6 2 8 6 8 12 12 6 14 12 14 2
2 0 9 5 9 5 9 9 2 11 9 2
2 0 9 6 6 9 9 9 2 11 9 13 11 9 16 14 2
5 1 5 5 0 5 5 9 7 5
0 1
3 3 13 6 6 3 13 13 10 13 10 13 0 13
4 4 4 0 4
5 5 5 5 0 9 9 9 5 5
5 3 5 5 0 8 8 5 13 13 13 13 5 5
4 1 4 0 6 4 8 6 12 12 12 8 12 4
2 4 4 0 4 7 5 10 10 7 14 14 14 4 14 14 18 14 4
6 3 1 3 6 0 9 9 6 11 9 13 9 15 13 6 6
2 0 6 5 6 2 8 6 8 12 12 6 14 12 14 2
4 4 4 0 7 7 4
2 0 9 5 9 5 9 9 2 11 9 2
2 0 9 6 6 9 9 9 2 11 9 13 11 9 16 14 2
5 1 5 5 0 5 5 9 7 5
0 1
3 3 13 6 6 3 13 13 10 13 10 13 0 13
4 4 4 0 4
5 5 5 5 0 9 9 9 5 5
5 3 5 5 0 8 8 5 13 13 13 13 5 5
4 1 4 0 6 4 8 6 12 12 12 8 12 4
2 4 4 0 4 7 5 10 10 7 14 14 14 4 14 14 18 14 4
6 3 1 3 6 0 9 9 6 11 9 13 9 15 13 6 6
2 0 6 5 6 2 8 6 8 12 12 6 14 12 14 2
4 4 4 0 7 7 4
2 0 9 5 9 5 9 9 2 11 9 2
2 0 9 6 6 9 9 9 2 11 9 13 11 9 16 14 2
5 1 5 5 0 5 5 9 7 5
0 1
3 3 13 6 6 3 13 13 10 13 10 13 0 13
4 4 4 0 4
5 5 5 5 0 9 9 9 5 5
5 3 5 5 0 8 8 5 13 13 13 13 5 5
4 1 4 0 6 4 8 6 12 12 12 8 12 4
2 4 4 0 4 7 5 10 10 7 14 14 14 4 14 14 18 14 4
6 3 1 3 6 0 9 9 6 11 9 13 9 15 13 6 6
2 0 6 5 6 2 8 6 8 12 12 6 14 12 14 2
4 4 4 0 7 7 4
2 0 9 5 9 5 9 9 2 11 9 2
2 0 9 6 6 9 9 9 2 11 9 13 11 9 16 14 2
5 1 5 5 0 5 5 9 7 5
0 1
3 3 13 6 6 3 13 13 10 13 10 13 0 13
4 4 4 0 4
5 5 5 5 0 9 9 9 5 5
5 3 5 5 0 8 8 5 13 13 13 13 5 5
4 1 4 0 6 4 8 6 12 12 12 8 12 4
2 4 4 0 4 7 5 10 10 7 14 14 14 4 14 14 18 14 4
6 3 1 3 6 0 9 9 6 11 9 13 9 15 13 6 6
2 0 6 5 6 2 8 6 8 12 12 6 14 12 14 2
4 4 4 0 7 7 4
2 0 9 5 9 5 9 9 2 11 9 2
2 0 9 6 6 9 9 9 2 11 9 13 11 9 16 14 2
5 1 5 5 0 5 5 9 7 5
0 1
3 3 13 6 6 3 13 13 10 13 10 13 0 13
4 4 4 0 4
5 5 5 5 0 9 9 9 5 5
5 3 5 5 0 8 8 5 13 13 13 13 5 5
4 1 4 0 6 4 8 6 12 12 12 8 12 4
2 4 4 0 4 7 5 10 10 7 14 14 14 4 14 14 18 14 4
6 3 1 3 6 0 9 9 6 11 9 13 9 15 13 6 6
2 0 6 5 6 2 8 6 8 12 12 6 14 12 14 2
4 4 4 0 7 7 4 9 7
2 0 9 5 9 5 9 9 2 11 9 2
2 0 9 6 6 9 9 9 2 11 9 13 11 9 16 14 2
5 1 5 5 0 5 5 9 7 5
0 1
3 3 13 6 6 3 13 13 10 13 10 13 0 13
4 4 4 0 4
5 5 5 5 0 9 9 9 5 5
5 3 5 5 0 8 8 5 13 13 13 13 5 5
4 1 4 0 6 4 8 6 12 12 12 8 12 4
2 4 4 0 4 7 5 10 10 7 14 14 14 4 14 14 18 14 4
6 3 1 3 6 0 9 9 6 11 9 13 9 15 13 6 6
2 0 6 5 6 2 8 6 8 12 12 6 14 12 14 2
4 4 4 0 7 7 4 9 7
2 0 9 5 9 5 9 9 2 11 9 2
2 0 9 6 6 9 9 9 2 11 9 13 11 9 16 14 2
5 1 5 5 0 5 5 9 7 5
0 1
3 3 13 6 6 3 13 13 10 13 10 13 0 13
4 4 4 0 4
5 5 5 5 0 9 9 9 5 5
5 3 5 5 0 8 8 5 13 13 13 13 5 5
4 1 4 0 6 4 8 6 12 12 12 8 12 4
2 4 4 0 4 7 5 10 10 7 14 14 14 4 14 14 18 14 4
6 3 1 3 6 0 9 9 6 11 9 13 9 15 13 6 6
2 0 6 5 6 2 8 6 8 12 12 6 14 12 14 2
4 4 4 0 7 7 4 10 10 7 13 13 7 16 16 7 19 19 4
2 0 9 5 9 5 9 9 2 11 9 2
2 0 9 6 6 9 9 9 2 11 9 13 11 9 16 14 2
5 1 5 5 0 5 5 9 7 5
0 1
3 3 13 6 6 3 13 13 10 13 10 13 0 13
4 4 4 0 4
5 5 5 5 0 9 9 9 5 5
5 3 5 5 0 8 8 5 13 13 13 13 5 5
4 1 4 0 6 4 8 6 12 12 12 8 12 4
2 4 4 0 4 7 5 10 10 7 14 14 14 4 14 14 18 14 4
6 3 1 3 6 0 9 9 6 11 9 13 9 15 13 6 6
2 0 6 5 6 2 8 6 8 12 12 6 14 12 14 2
4 4 4 0 7 7 4 10 10 7 13 13 7 16 16 7 19 19 4
2 0 9 5 9 5 9 9 2 11 9 2
2 0 9 6 6 9 9 9 2 11 9 13 11 9 16 14 2
5 1 5 5 0 5 5 9 7 5
0 1
3 3 13 6 6 3 13 13 10 13 10 13 0 13
4 4 4 0 4
5 5 5 5 0 9 9 9 5 5
5 3 5 5 0 8 8 5 13 13 13 13 5 5
4 1 4 0 6 4 8 6 12 12 12 8 12 4
2 4 4 0 4 7 5 10 10 7 14 14 14 4 14 14 18 14 4
6 3 1 3 6 0 9 9 6 11 9 13 9 15 13 6 6
2 0 6 5 6 2 8 6 8 12 12 6 14 12 14 2
4 4 4 0 7 7 4 10 10 7 13 13 10 16 16 7 19 19 16 22 22 19 22 22
2 0 9 5 9 5 9 9 2 11 9 2
2 0 9 6 6 9 9 9 2 11 9 13 11 9 16 14 2
5 1 5 5 0 5 5 9 7 5
0 1
3 3 13 6 6 3 13 13 10 13 10 13 0 13
4 4 4 0 4
5 5 5 5 0 9 9 9 5 5
5 3 5 5 0 8 8 5 13 13 13 13 5 5
4 1 4 0 6 4 8 6 12 12 12 8 12 4
2 4 4 0 4 7 5 10 10 7 14 14 14 4 14 14 18 14 4
6 3 1 3 6 0 9 9 6 11 9 13 9 15 13 6 6
2 0 6 5 6 2 8 6 8 12 12 6 14 12 14 2
4 4 4 0 7 7 4 10 10 7 13 13 10 16 16 7 19 19 7 22 22 19 4
2 0 9 5 9 5 9 9 2 11 9 2
2 0 9 6 6 9 9 9 2 11 9 13 11 9 16 14 2
5 1 5 5 0 5 5 9 7 5
0 1
3 3 13 6 6 3 13 13 10 13 10 13 0 13
4 4 4 0 4
5 5 5 5 0 9 9 9 5 5
5 3 5 5 0 8 8 5 13 13 13 13 5 5
4 1 4 0 6 4 8 6 12 12 12 8 12 4
2 4 4 0 4 7 5 10 10 7 14 14 14 4 14 14 18 14 4
6 3 1 3 6 0 9 9 6 11 9 13 9 15 13 6 6
2 0 6 5 6 2 8 6 8 12 12 6 14 12 14 2
4 4 4 0 7 7 4 10 10 7 13 13 10 16 16 7 19 19 16 22 22 19 22 23 22
2 0 9 5 9 5 9 9 2 11 9 2
2 0 9 6 6 9 9 9 2 11 9 13 11 9 16 14 2
5 1 5 5 0 5 5 9 7 5
0 1
3 3 13 6 6 3 13 13 10 13 10 13 0 13
4 4 4 0 4
5 5 5 5 0 9 9 9 5 5
5 3 5 5 0 8 8 5 13 13 13 13 5 5
4 1 4 0 6 4 8 6 12 12 12 8 12 4
2 4 4 0 4 7 5 10 10 7 14 14 14 4 14 14 18 14 4
6 3 1 3 6 0 9 9 6 11 9 13 9 15 13 6 6
2 0 6 5 6 2 8 6 8 12 12 6 14 12 14 2
4 4 4 0 7 7 4 10 10 7 13 13 7 16 16 7 19 19 16 22 22 16 28 26 26 28 28 22
2 0 9 5 9 5 9 9 2 11 9 2
2 0 9 6 6 9 9 9 2 11 9 13 11 9 16 14 2
5 1 5 5 0 5 5 9 7 5
0 1
3 3 13 6 6 3 13 13 10 13 10 13 0 13
4 4 4 0 4
5 5 5 5 0 9 9 9 5 5
5 3 5 5 0 8 8 5 13 13 13 13 5 5
4 1 4 0 6 4 8 6 12 12 12 8 12 4
2 4 4 0 4 7 5 10 10 7 14 14 14 4 14 14 18 14 4
6 3 1 3 6 0 9 9 6 11 9 13 9 15 13 6 6
2 0 6 5 6 2 8 6 8 12 12 6 14 12 14 2
4 4 4 0 7 7 4 10 10 7 13 13 7 16 16 7 19 19 16 22 22 16 28 26 26 28 28 22
2 0 9 5 9 5 9 9 2 11 9 2
2 0 9 6 6 9 9 9 2 11 9 13 11 9 16 14 2
5 1 5 5 0 5 5 9 7 5
0 1
3 3 13 6 6 3 13 13 10 13 10 13 0 13
4 4 4 0 4
5 5 5 5 0 9 9 9 5 5
5 3 5 5 0 8 8 5 13 13 13 13 5 5
4 1 4 0 6 4 8 6 12 12 12 8 12 4
2 4 4 0 4 7 5 10 10 7 14 14 14 4 14 14 18 14 4
6 3 1 3 6 0 9 9 6 11 9 13 9 15 13 6 6
2 0 6 5 6 2 8 6 8 12 12 6 14 12 14 2
4 4 4 0 7 7 4 10 10 7 13 13 7 16 16 7 19 19 16 22 22 16 28 26 26 28 28 22 32 32 32 28 35 35 32
2 0 9 5 9 5 9 9 2 11 9 2
2 0 9 6 6 9 9 9 2 11 9 13 11 9 16 14 2
5 1 5 5 0 5 5 9 7 5
0 1
3 3 13 6 6 3 13 13 10 13 10 13 0 13
4 4 4 0 4
5 5 5 5 0 9 9 9 5 5
5 3 5 5 0 8 8 5 13 13 13 13 5 5
4 1 4 0 6 4 8 6 12 12 12 8 12 4
2 4 4 0 4 7 5 10 10 7 14 14 14 4 14 14 18 14 4
6 3 1 3 6 0 9 9 6 11 9 13 9 15 13 6 6
2 0 6 5 6 2 8 6 8 12 12 6 14 12 14 2
4 4 4 0 7 7 4 10 10 7 13 13 7 16 16 7 19 19 16 22 22 16 28 26 26 28 28 22 32 32 32 28
2 0 9 5 9 5 9 9 2 11 9 2
2 0 9 6 6 9 9 9 2 11 9 13 11 9 16 14 2
5 1 5 5 0 5 5 9 7 5
0 1
3 3 13 6 6 3 13 13 10 13 10 13 0 13
4 4 4 0 4
5 5 5 5 0 9 9 9 5 5
5 3 5 5 0 8 8 5 13 13 13 13 5 5
4 1 4 0 6 4 8 6 12 12 12 8 12 4
2 4 4 0 4 7 5 10 10 7 14 14 14 4 14 14 18 14 4
6 3 1 3 6 0 9 9 6 11 9 13 9 15 13 6 6
2 0 6 5 6 2 8 6 8 12 12 6 14 12 14 2
4 4 4 0 7 7 4 10 10 7 13 13 7 16 16 7 19 19 16 22 22 16 28 26 26 28 28 22 32 32 32 28 28
2 0 9 5 9 5 9 9 2 11 9 2
2 0 9 6 6 9 9 9 2 11 9 13 11 9 16 14 2
5 1 5 5 0 5 5 9 7 5
0 1
3 3 13 6 6 3 13 13 10 13 10 13 0 13
4 4 4 0 4
5 5 5 5 0 9 9 9 5 5
5 3 5 5 0 8 8 5 13 13 13 13 5 5
4 1 4 0 6 4 8 6 12 12 12 8 12 4
2 4 4 0 4 7 5 10 10 7 14 14 14 4 14 14 18 14 4
6 3 1 3 6 0 9 9 6 11 9 13 9 15 13 6 6
2 0 6 5 6 2 8 6 8 12 12 6 14 12 14 2
4 4 4 0 7 7 4 10 10 7 13 13 7 16 16 7 19 19 16 22 22 16 28 26 26 28 28 22 32 32 32 28
2 0 9 5 9 5 9 9 2 11 9 2
2 0 9 6 6 9 9 9 2 11 9 13 11 9 16 14 2
5 1 5 5 0 5 5 9 7 5
0 1
3 3 13 6 6 3 13 13 10 13 10 13 0 13
4 4 4 0 4
5 5 5 5 0 9 9 9 5 5
5 3 5 5 0 8 8 5 13 13 13 13 5 5
4 1 4 0 6 4 8 6 12 12 12 8 12 4
2 4 4 0 4 7 5 10 10 7 14 14 14 4 14 14 18 14 4
6 3 1 3 6 0 9 9 6 11 9 13 9 15 13 6 6
2 0 6 5 6 2 8 6 8 12 12 6 14 12 14 2
4 4 4 0 7 7 4 10 10 7 13 13 7 16 16 7 19 19 16 22 22 16 28 23 26 28 28 22 32 32 32 28 36 36 36 32 38 36 40 38 4
2 0 9 5 9 5 9 9 2 11 9 2
2 0 9 6 6 9 9 9 2 11 9 13 11 9 16 14 2
5 1 5 5 0 5 5 9 7 5
0 1
3 3 13 6 6 3 13 13 10 13 10 13 0 13
4 4 4 0 4
5 5 5 5 0 9 9 9 5 5
5 3 5 5 0 8 8 5 13 13 13 13 5 5
4 1 4 0 6 4 8 6 12 12 12 8 12 4
2 4 4 0 4 7 5 10 10 7 14 14 14 4 14 14 18 14 4
6 3 1 3 6 0 9 9 6 11 9 13 9 15 13 6 6
2 0 6 5 6 2 8 6 8 12 12 6 14 12 14 2
4 4 4 0 7 7 4 10 10 7 13 13 7 16 16 7 19 19 16 22 22 16 28 23 26 28 28 22 32 32 32 28 36 36 36 32 38 36 40 38
2 0 9 5 9 5 9 9 2 11 9 2
2 0 9 6 6 9 9 9 2 11 9 13 11 9 16 14 2
5 1 5 5 0 5 5 9 7 5
0 1
3 3 13 6 6 3 13 13 10 13 10 13 0 13
4 4 4 0 4
5 5 5 5 0 9 9 9 5 5
5 3 5 5 0 8 8 5 13 13 13 13 5 5
4 1 4 0 6 4 8 6 12 12 12 8 12 4
2 4 4 0 4 7 5 10 10 7 14 14 14 4 14 14 18 14 4
6 3 1 3 6 0 9 9 6 11 9 13 9 15 13 6 6
2 0 6 5 6 2 8 6 8 12 12 6 14 12 14 2
4 4 4 0 7 7 4 10 10 7 13 13 7 16 16 7 19 19 16 22 22 16 28 23 26 28 28 22 32 32 32 28 36 36 36 32 38 36 40 38 43 43 40 4
2 0 4 2 8 8 8 4 8 2
0
2 0 9 5 9 5 9 9 2 11 9 2
2 0 9 6 6 9 9 9 2 11 9 13 11 9 16 14 2
5 1 5 5 0 5 5 9 7 5
0 1
3 3 13 6 6 3 13 13 10 13 10 13 0 13
4 4 4 0 4
5 5 5 5 0 9 9 9 5 5
5 3 5 5 0 8 8 5 13 13 13 13 5 5
4 1 4 0 6 4 8 6 12 12 12 8 12 4
2 4 4 0 4 7 5 10 10 7 14 14 14 4 14 14 18 14 4
6 3 1 3 6 0 9 9 6 11 9 13 9 15 13 6 6
2 0 6 5 6 2 8 6 8 12 12 6 14 12 14 2
4 4 4 0 7 7 4 10 10 7 13 13 7 16 16 7 19 19 16 22 22 16 28 23 26 28 28 22 32 32 32 28 36 36 36 32 38 36 40 38 43 43 40 4
2 0 4 2 8 8 8 4 8 2
0
2 0 9 5 9 5 9 9 2 11 9 2
2 0 9 6 6 9 9 9 2 11 9 13 11 9 16 14 2
5 1 5 5 0 5 5 9 7 5
0 1
3 3 13 6 6 3 13 13 10 13 10 13 0 13
4 4 4 0 4
5 5 5 5 0 9 9 9 5 5
5 3 5 5 0 8 8 5 13 13 13 13 5 5
4 1 4 0 6 4 8 6 12 12 12 8 12 4
2 4 4 0 4 7 5 10 10 7 14 14 14 4 14 14 18 14 4
6 3 1 3 6 0 9 9 6 11 9 13 9 15 13 6 6
2 0 6 5 6 2 8 6 8 12 12 6 14 12 14 2
4 4 4 0 7 7 4 10 10 7 13 13 7 16 16 7 19 19 16 22 22 16 28 23 26 28 28 22 32 32 32 28 36 36 36 32 38 36 40 38 43 43 40 4
2 0 4 2 8 8 8 4 8 2
0 1
2 0 9 5 9 5 9 9 2 11 9 2
2 0 9 6 6 9 9 9 2 11 9 13 11 9 16 14 2
5 1 5 5 0 5 5 9 7 5
0 1
3 3 13 6 6 3 13 13 10 13 10 13 0 13
4 4 4 0 4
5 5 5 5 0 9 9 9 5 5
5 3 5 5 0 8 8 5 13 13 13 13 5 5
4 1 4 0 6 4 8 6 12 12 12 8 12 4
2 4 4 0 4 7 5 10 10 7 14 14 14 4 14 14 18 14 4
6 3 1 3 6 0 9 9 6 11 9 13 9 15 13 6 6
2 0 6 5 6 2 8 6 8 12 12 6 14 12 14 2
4 4 4 0 7 7 4 10 10 7 13 13 7 16 16 7 19 19 16 22 22 16 28 23 26 28 28 22 32 32 32 28 36 36 36 32 38 36 40 38 43 43 40 4
2 0 4 2 8 8 8 4 8 2
0
2 0 9 5 9 5 9 9 2 11 9 2
2 0 9 6 6 9 9 9 2 11 9 13 11 9 16 14 2
5 1 5 5 0 5 5 9 7 5
0 1
3 3 13 6 6 3 13 13 10 13 10 13 0 13
4 4 4 0 4
5 5 5 5 0 9 9 9 5 5
5 3 5 5 0 8 8 5 13 13 13 13 5 5
4 1 4 0 6 4 8 6 12 12 12 8 12 4
2 4 4 0 4 7 5 10 10 7 14 14 14 4 14 14 18 14 4
6 3 1 3 6 0 9 9 6 11 9 13 9 15 13 6 6
2 0 6 5 6 2 8 6 8 12 12 6 14 12 14 2
4 4 4 0 7 7 4 10 10 7 13 13 7 16 16 7 19 19 16 22 22 16 28 23 26 28 28 22 32 32 32 28 36 36 36 32 38 36 40 38 43 43 40 4
2 0 4 2 8 8 8 4 8 2
0 3 1
2 0 9 5 9 5 9 9 2 11 9 2
2 0 9 6 6 9 9 9 2 11 9 13 11 9 16 14 2
5 1 5 5 0 5 5 9 7 5
0 1
3 3 13 6 6 3 13 13 10 13 10 13 0 13
4 4 4 0 4
5 5 5 5 0 9 9 9 5 5
5 3 5 5 0 8 8 5 13 13 13 13 5 5
4 1 4 0 6 4 8 6 12 12 12 8 12 4
2 4 4 0 4 7 5 10 10 7 14 14 14 4 14 14 18 14 4
6 3 1 3 6 0 9 9 6 11 9 13 9 15 13 6 6
2 0 6 5 6 2 8 6 8 12 12 6 14 12 14 2
4 4 4 0 7 7 4 10 10 7 13 13 7 16 16 7 19 19 16 22 22 16 28 23 26 28 28 22 32 32 32 28 36 36 36 32 38 36 40 38 43 43 40 4
2 0 4 2 8 8 8 4 8 2
0 1
2 0 9 5 9 5 9 9 2 11 9 2
2 0 9 6 6 9 9 9 2 11 9 13 11 9 16 14 2
5 1 5 5 0 5 5 9 7 5
0 1
3 3 13 6 6 3 13 13 10 13 10 13 0 13
4 4 4 0 4
5 5 5 5 0 9 9 9 5 5
5 3 5 5 0 8 8 5 13 13 13 13 5 5
4 1 4 0 6 4 8 6 12 12 12 8 12 4
2 4 4 0 4 7 5 10 10 7 14 14 14 4 14 14 18 14 4
6 3 1 3 6 0 9 9 6 11 9 13 9 15 13 6 6
2 0 6 5 6 2 8 6 8 12 12 6 14 12 14 2
4 4 4 0 7 7 4 10 10 7 13 13 7 16 16 7 19 19 16 22 22 16 28 23 26 28 28 22 32 32 32 28 36 36 36 32 38 36 40 38 43 43 40 4
2 0 4 2 8 8 8 4 8 2
0 4 4 1
2 0 9 5 9 5 9 9 2 11 9 2
2 0 9 6 6 9 9 9 2 11 9 13 11 9 16 14 2
5 1 5 5 0 5 5 9 7 5
0 1
3 3 13 6 6 3 13 13 10 13 10 13 0 13
4 4 4 0 4
5 5 5 5 0 9 9 9 5 5
5 3 5 5 0 8 8 5 13 13 13 13 5 5
4 1 4 0 6 4 8 6 12 12 12 8 12 4
2 4 4 0 4 7 5 10 10 7 14 14 14 4 14 14 18 14 4
6 3 1 3 6 0 9 9 6 11 9 13 9 15 13 6 6
2 0 6 5 6 2 8 6 8 12 12 6 14 12 14 2
4 4 4 0 7 7 4 10 10 7 13 13 7 16 16 7 19 19 16 22 22 16 28 23 26 28 28 22 32 32 32 28 36 36 36 32 38 36 40 38 43 43 40 4
2 0 4 2 8 8 8 4 8 2
0 4 4 1
2 0 9 5 9 5 9 9 2 11 9 2
2 0 9 6 6 9 9 9 2 11 9 13 11 9 16 14 2
5 1 5 5 0 5 5 9 7 5
0 1
3 3 13 6 6 3 13 13 10 13 10 13 0 13
4 4 4 0 4
5 5 5 5 0 9 9 9 5 5
5 3 5 5 0 8 8 5 13 13 13 13 5 5
4 1 4 0 6 4 8 6 12 12 12 8 12 4
2 4 4 0 4 7 5 10 10 7 14 14 14 4 14 14 18 14 4
6 3 1 3 6 0 9 9 6 11 9 13 9 15 13 6 6
2 0 6 5 6 2 8 6 8 12 12 6 14 12 14 2
4 4 4 0 7 7 4 10 10 7 13 13 7 16 16 7 19 19 16 22 22 16 28 23 26 28 28 22 32 32 32 28 36 36 36 32 38 36 40 38 43 43 40 4
2 0 4 2 8 8 8 4 8 2
0 4 4 1
2 0 9 5 9 5 9 9 2 11 9 2
2 0 9 6 6 9 9 9 2 11 9 13 11 9 16 14 2
5 1 5 5 0 5 5 9 7 5
0 1
3 3 13 6 6 3 13 13 10 13 10 13 0 13
4 4 4 0 4
5 5 5 5 0 9 9 9 5 5
5 3 5 5 0 8 8 5 13 13 13 13 5 5
4 1 4 0 6 4 8 6 12 12 12 8 12 4
2 4 4 0 4 7 5 10 10 7 14 14 14 4 14 14 18 14 4
6 3 1 3 6 0 9 9 6 11 9 13 9 15 13 6 6
2 0 6 5 6 2 8 6 8 12 12 6 14 12 14 2
4 4 4 0 7 7 4 10 10 7 13 13 7 16 16 7 19 19 16 22 22 16 28 23 26 28 28 22 32 32 32 28 36 36 36 32 38 36 40 38 43 43 40 4
2 0 4 2 8 8 8 4 8 2
0 4 4 1
2 0 9 5 9 5 9 9 2 11 9 2
2 0 9 6 6 9 9 9 2 11 9 13 11 9 16 14 2
5 1 5 5 0 5 5 9 7 5
0 1
3 3 13 6 6 3 13 13 10 13 10 13 0 13
4 4 4 0 4
5 5 5 5 0 9 9 9 5 5
5 3 5 5 0 8 8 5 13 13 13 13 5 5
4 1 4 0 6 4 8 6 12 12 12 8 12 4
2 4 4 0 4 7 5 10 10 7 14 14 14 4 14 14 18 14 4
6 3 1 3 6 0 9 9 6 11 9 13 9 15 13 6 6
2 0 6 5 6 2 8 6 8 12 12 6 14 12 14 2
4 4 4 0 7 7 4 10 10 7 13 13 7 16 16 7 19 19 16 22 22 16 28 23 26 28 28 22 32 32 32 28 36 36 36 32 38 36 40 38 43 43 40 4
2 0 4 2 8 8 8 4 8 2
0 4 4 1
2 0 9 5 9 5 9 9 2 11 9 2
2 0 9 6 6 9 9 9 2 11 9 13 11 9 16 14 2
5 1 5 5 0 5 5 9 7 5
0 1
3 3 13 6 6 3 13 13 10 13 10 13 0 13
4 4 4 0 4
5 5 5 5 0 9 9 9 5 5
5 3 5 5 0 8 8 5 13 13 13 13 5 5
4 1 4 0 6 4 8 6 12 12 12 8 12 4
2 4 4 0 4 7 5 10 10 7 14 14 14 4 14 14 18 14 4
6 3 1 3 6 0 9 9 6 11 9 13 9 15 13 6 6
2 0 6 5 6 2 8 6 8 12 12 6 14 12 14 2
4 4 4 0 7 7 4 10 10 7 13 13 7 16 16 7 19 19 16 22 22 16 28 23 26 28 28 22 32 32 32 28 36 36 36 32 38 36 40 38 43 43 40 4
2 0 4 2 8 8 8 4 8 2
0 4 4 1
2 0 9 5 9 5 9 9 2 11 9 2
2 0 9 6 6 9 9 9 2 11 9 13 11 9 16 14 2
5 1 5 5 0 5 5 9 7 5
0 1
3 3 13 6 6 3 13 13 10 13 10 13 0 13
4 4 4 0 4
5 5 5 5 0 9 9 9 5 5
5 3 5 5 0 8 8 5 13 13 13 13 5 5
4 1 4 0 6 4 8 6 12 12 12 8 12 4
2 4 4 0 4 7 5 10 10 7 14 14 14 4 14 14 18 14 4
6 3 1 3 6 0 9 9 6 11 9 13 9 15 13 6 6
2 0 6 5 6 2 8 6 8 12 12 6 14 12 14 2
4 4 4 0 7 7 4 10 10 7 13 13 7 16 16 7 19 19 16 22 22 16 28 23 26 28 28 22 32 32 32 28 36 36 36 32 38 36 40 38 43 43 40 4
2 0 4 2 8 8 8 4 8 2
0 4 4 1
2 0 9 5 9 5 9 9 2 11 9 2
2 0 9 6 6 9 9 9 2 11 9 13 11 9 16 14 2
5 1 5 5 0 5 5 9 7 5
0 1
3 3 13 6 6 3 13 13 10 13 10 13 0 13
4 4 4 0 4
5 5 5 5 0 9 9 9 5 5
5 3 5 5 0 8 8 5 13 13 13 13 5 5
4 1 4 0 6 4 8 6 12 12 12 8 12 4
2 4 4 0 4 7 5 10 10 7 14 14 14 4 14 14 18 14 4
6 3 1 3 6 0 9 9 6 11 9 13 9 15 13 6 6
2 0 6 5 6 2 8 6 8 12 12 6 14 12 14 2
4 4 4 0 7 7 4 10 10 7 13 13 7 16 16 7 19 19 16 22 22 16 28 23 26 28 28 22 32 32 32 28 36 36 36 32 38 36 40 38 43 43 40 4
2 0 4 2 8 8 8 4 8 2
0 4 4 1
2 0 9 5 9 5 9 9 2 11 9 2
2 0 9 6 6 9 9 9 2 11 9 13 11 9 16 14 2
5 1 5 5 0 5 5 9 7 5
0 1
3 3 13 6 6 3 13 13 10 13 10 13 0 13
4 4 4 0 4
5 5 5 5 0 9 9 9 5 5
5 3 5 5 0 8 8 5 13 13 13 13 5 5
4 1 4 0 6 4 8 6 12 12 12 8 12 4
2 4 4 0 4 7 5 10 10 7 14 14 14 4 14 14 18 14 4
6 3 1 3 6 0 9 9 6 11 9 13 9 15 13 6 6
2 0 6 5 6 2 8 6 8 12 12 6 14 12 14 2
4 4 4 0 7 7 4 10 10 7 13 13 7 16 16 7 19 19 16 22 22 16 28 23 26 28 28 22 32 32 32 28 36 36 36 32 38 36 40 38 43 43 40 4
2 0 4 2 8 8 8 4 8 2
0 4 4 1 6 1 8 6 10 1 13 13 1 13
2 0 9 5 9 5 9 9 2 11 9 2
2 0 9 6 6 9 9 9 2 11 9 13 11 9 16 14 2
5 1 5 5 0 5 5 9 7 5
0 1
3 3 13 6 6 3 13 13 10 13 10 13 0 13
4 4 4 0 4
5 5 5 5 0 9 9 9 5 5
5 3 5 5 0 8 8 5 13 13 13 13 5 5
4 1 4 0 6 4 8 6 12 12 12 8 12 4
2 4 4 0 4 7 5 10 10 7 14 14 14 4 14 14 18 14 4
6 3 1 3 6 0 9 9 6 11 9 13 9 15 13 6 6
2 0 6 5 6 2 8 6 8 12 12 6 14 12 14 2
4 4 4 0 7 7 4 10 10 7 13 13 7 16 16 7 19 19 16 22 22 16 28 23 26 28 28 22 32 32 32 28 36 36 36 32 38 36 40 38 43 43 40 4
2 0 4 2 8 8 8 4 8 2
13 4 4 1 6 1 8 6 10 1 13 13 0 13
2 0 9 5 9 5 9 9 2 11 9 2
2 0 9 6 6 9 9 9 2 11 9 13 11 9 16 14 2
5 1 5 5 0 5 5 9 7 5
0 1
3 3 13 6 6 3 13 13 10 13 10 13 0 13
4 4 4 0 4
5 5 5 5 0 9 9 9 5 5
5 3 5 5 0 8 8 5 13 13 13 13 5 5
4 1 4 0 6 4 8 6 12 12 12 8 12 4
2 4 4 0 4 7 5 10 10 7 14 14 14 4 14 14 18 14 4
6 3 1 3 6 0 9 9 6 11 9 13 9 15 13 6 6
2 0 6 5 6 2 8 6 8 12 12 6 14 12 14 2
4 4 4 0 7 7 4 10 10 7 13 13 7 16 16 7 19 19 16 22 22 16 28 23 26 28 28 22 32 32 32 28 36 36 36 32 38 36 40 38 43 43 40 4
2 0 4 2 8 8 8 4 8 2
13 4 4 1 6 1 8 6 10 1 13 13 0 15 13 13
3 3 0
2 0 9 5 9 5 9 9 2 11 9 2
2 0 9 6 6 9 9 9 2 11 9 13 11 9 16 14 2
5 1 5 5 0 5 5 9 7 5
0 1
3 3 13 6 6 3 13 13 10 13 10 13 0 13
4 4 4 0 4
5 5 5 5 0 9 9 9 5 5
5 3 5 5 0 8 8 5 13 13 13 13 5 5
4 1 4 0 6 4 8 6 12 12 12 8 12 4
2 4 4 0 4 7 5 10 10 7 14 14 14 4 14 14 18 14 4
6 3 1 3 6 0 9 9 6 11 9 13 9 15 13 6 6
2 0 6 5 6 2 8 6 8 12 12 6 14 12 14 2
4 4 4 0 7 7 4 10 10 7 13 13 7 16 16 7 19 19 16 22 22 16 28 23 26 28 28 22 32 32 32 28 36 36 36 32 38 36 40 38 43 43 40 4
2 0 4 2 8 8 8 4 8 2
13 4 4 1 6 1 8 6 10 1 13 13 0 15 13 13
2 0
2 0 9 5 9 5 9 9 2 11 9 2
2 0 9 6 6 9 9 9 2 11 9 13 11 9 16 14 2
5 1 5 5 0 5 5 9 7 5
0 1
3 3 13 6 6 3 13 13 10 13 10 13 0 13
4 4 4 0 4
5 5 5 5 0 9 9 9 5 5
5 3 5 5 0 8 8 5 13 13 13 13 5 5
4 1 4 0 6 4 8 6 12 12 12 8 12 4
2 4 4 0 4 7 5 10 10 7 14 14 14 4 14 14 18 14 4
6 3 1 3 6 0 9 9 6 11 9 13 9 15 13 6 6
2 0 6 5 6 2 8 6 8 12 12 6 14 12 14 2
4 4 4 0 7 7 4 10 10 7 13 13 7 16 16 7 19 19 16 22 22 16 28 23 26 28 28 22 32 32 32 28 36 36 36 32 38 36 40 38 43 43 40 4
2 0 4 2 8 8 8 4 8 2
13 4 4 1 6 1 8 6 10 1 13 13 0 15 13 13
3 3 0 5 3 7 3
2 0 9 5 9 5 9 9 2 11 9 2
2 0 9 6 6 9 9 9 2 11 9 13 11 9 16 14 2
5 1 5 5 0 5 5 9 7 5
0 1
3 3 13 6 6 3 13 13 10 13 10 13 0 13
4 4 4 0 4
5 5 5 5 0 9 9 9 5 5
5 3 5 5 0 8 8 5 13 13 13 13 5 5
4 1 4 0 6 4 8 6 12 12 12 8 12 4
2 4 4 0 4 7 5 10 10 7 14 14 14 4 14 14 18 14 4
6 3 1 3 6 0 9 9 6 11 9 13 9 15 13 6 6
2 0 6 5 6 2 8 6 8 12 12 6 14 12 14 2
4 4 4 0 7 7 4 10 10 7 13 13 7 16 16 7 19 19 16 22 22 16 28 23 26 28 28 22 32 32 32 28 36 36 36 32 38 36 40 38 43 43 40 4
2 0 4 2 8 8 8 4 8 2
13 4 4 1 6 1 8 6 10 1 13 13 0 15 13 13
3 3 0 5 3 7 3
2 0 9 5 9 5 9 9 2 11 9 2
2 0 9 6 6 9 9 9 2 11 9 13 11 9 16 14 2
5 1 5 5 0 5 5 9 7 5
0 1
3 3 13 6 6 3 13 13 10 13 10 13 0 13
4 4 4 0 4
5 5 5 5 0 9 9 9 5 5
5 3 5 5 0 8 8 5 13 13 13 13 5 5
4 1 4 0 6 4 8 6 12 12 12 8 12 4
2 4 4 0 4 7 5 10 10 7 14 14 14 4 14 14 18 14 4
6 3 1 3 6 0 9 9 6 11 9 13 9 15 13 6 6
2 0 6 5 6 2 8 6 8 12 12 6 14 12 14 2
4 4 4 0 7 7 4 10 10 7 13 13 7 16 16 7 19 19 16 22 22 16 28 23 26 28 28 22 32 32 32 28 36 36 36 32 38 36 40 38 43 43 40 4
2 0 4 2 8 8 8 4 8 2
13 4 4 1 6 1 8 6 10 1 13 13 0 15 13 13
3 3 0 5 3 7 3 7 3
2 0 9 5 9 5 9 9 2 11 9 2
2 0 9 6 6 9 9 9 2 11 9 13 11 9 16 14 2
5 1 5 5 0 5 5 9 7 5
0 1
3 3 13 6 6 3 13 13 10 13 10 13 0 13
4 4 4 0 4
5 5 5 5 0 9 9 9 5 5
5 3 5 5 0 8 8 5 13 13 13 13 5 5
4 1 4 0 6 4 8 6 12 12 12 8 12 4
2 4 4 0 4 7 5 10 10 7 14 14 14 4 14 14 18 14 4
6 3 1 3 6 0 9 9 6 11 9 13 9 15 13 6 6
2 0 6 5 6 2 8 6 8 12 12 6 14 12 14 2
4 4 4 0 7 7 4 10 10 7 13 13 7 16 16 7 19 19 16 22 22 16 28 23 26 28 28 22 32 32 32 28 36 36 36 32 38 36 40 38 43 43 40 4
2 0 4 2 8 8 8 4 8 2
13 4 4 1 6 1 8 6 10 1 13 13 0 15 13 13
3 3 0 5 3 7 3 7
2 0 9 5 9 5 9 9 2 11 9 2
2 0 9 6 6 9 9 9 2 11 9 13 11 9 16 14 2
5 1 5 5 0 5 5 9 7 5
0 1
3 3 13 6 6 3 13 13 10 13 10 13 0 13
4 4 4 0 4
5 5 5 5 0 9 9 9 5 5
5 3 5 5 0 8 8 5 13 13 13 13 5 5
4 1 4 0 6 4 8 6 12 12 12 8 12 4
2 4 4 0 4 7 5 10 10 7 14 14 14 4 14 14 18 14 4
6 3 1 3 6 0 9 9 6 11 9 13 9 15 13 6 6
2 0 6 5 6 2 8 6 8 12 12 6 14 12 14 2
4 4 4 0 7 7 4 10 10 7 13 13 7 16 16 7 19 19 16 22 22 16 28 23 26 28 28 22 32 32 32 28 36 36 36 32 38 36 40 38 43 43 40 4
2 0 4 2 8 8 8 4 8 2
13 4 4 1 6 1 8 6 10 1 13 13 0 15 13 13
3 3 0 5 3 7 3 7 3
2 0 9 5 9 5 9 9 2 11 9 2
2 0 9 6 6 9 9 9 2 11 9 13 11 9 16 14 2
5 1 5 5 0 5 5 9 7 5
0 1
3 3 13 6 6 3 13 13 10 13 10 13 0 13
4 4 4 0 4
5 5 5 5 0 9 9 9 5 5
5 3 5 5 0 8 8 5 13 13 13 13 5 5
4 1 4 0 6 4 8 6 12 12 12 8 12 4
2 4 4 0 4 7 5 10 10 7 14 14 14 4 14 14 18 14 4
6 3 1 3 6 0 9 9 6 11 9 13 9 15 13 6 6
2 0 6 5 6 2 8 6 8 12 12 6 14 12 14 2
4 4 4 0 7 7 4 10 10 7 13 13 7 16 16 7 19 19 16 22 22 16 28 23 26 28 28 22 32 32 32 28 36 36 36 32 38 36 40 38 43 43 40 4
2 0 4 2 8 8 8 4 8 2
13 4 4 1 6 1 8 6 10 1 13 13 0 15 13 13
3 3 0 5 3 7 3 7
2 0 9 5 9 5 9 9 2 11 9 2
2 0 9 6 6 9 9 9 2 11 9 13 11 9 16 14 2
5 1 5 5 0 5 5 9 7 5
0 1
3 3 13 6 6 3 13 13 10 13 10 13 0 13
4 4 4 0 4
5 5 5 5 0 9 9 9 5 5
5 3 5 5 0 8 8 5 13 13 13 13 5 5
4 1 4 0 6 4 8 6 12 12 12 8 12 4
2 4 4 0 4 7 5 10 10 7 14 14 14 4 14 14 18 14 4
6 3 1 3 6 0 9 9 6 11 9 13 9 15 13 6 6
2 0 6 5 6 2 8 6 8 12 12 6 14 12 14 2
4 4 4 0 7 7 4 10 10 7 13 13 7 16 16 7 19 19 16 22 22 16 28 23 26 28 28 22 32 32 32 28 36 36 36 32 38 36 40 38 43 43 40 4
2 0 4 2 8 8 8 4 8 2
13 4 4 1 6 1 8 6 10 1 13 13 0 15 13 13
3 3 0 5 3 7 3 7 3
2 0 9 5 9 5 9 9 2 11 9 2
2 0 9 6 6 9 9 9 2 11 9 13 11 9 16 14 2
5 1 5 5 0 5 5 9 7 5
0 1
3 3 13 6 6 3 13 13 10 13 10 13 0 13
4 4 4 0 4
5 5 5 5 0 9 9 9 5 5
5 3 5 5 0 8 8 5 13 13 13 13 5 5
4 1 4 0 6 4 8 6 12 12 12 8 12 4
2 4 4 0 4 7 5 10 10 7 14 14 14 4 14 14 18 14 4
6 3 1 3 6 0 9 9 6 11 9 13 9 15 13 6 6
2 0 6 5 6 2 8 6 8 12 12 6 14 12 14 2
4 4 4 0 7 7 4 10 10 7 13 13 7 16 16 7 19 19 16 22 22 16 28 23 26 28 28 22 32 32 32 28 36 36 36 32 38 36 40 38 43 43 40 4
2 0 4 2 8 8 8 4 8 2
13 4 4 1 6 1 8 6 10 1 13 13 0 15 13 13
3 3 0 5 3 7 3 7
2 0 9 5 9 5 9 9 2 11 9 2
2 0 9 6 6 9 9 9 2 11 9 13 11 9 16 14 2
5 1 5 5 0 5 5 9 7 5
0 1
3 3 13 6 6 3 13 13 10 13 10 13 0 13
4 4 4 0 4
5 5 5 5 0 9 9 9 5 5
5 3 5 5 0 8 8 5 13 13 13 13 5 5
4 1 4 0 6 4 8 6 12 12 12 8 12 4
2 4 4 0 4 7 5 10 10 7 14 14 14 4 14 14 18 14 4
6 3 1 3 6 0 9 9 6 11 9 13 9 15 13 6 6
2 0 6 5 6 2 8 6 8 12 12 6 14 12 14 2
4 4 4 0 7 7 4 10 10 7 13 13 7 16 16 7 19 19 16 22 22 16 28 23 26 28 28 22 32 32 32 28 36 36 36 32 38 36 40 38 43 43 40 4
2 0 4 2 8 8 8 4 8 2
13 4 4 1 6 1 8 6 10 1 13 13 0 15 13 13
3 3 0 5 3 7 3 7 7
0
2 0 9 5 9 5 9 9 2 11 9 2
2 0 9 6 6 9 9 9 2 11 9 13 11 9 16 14 2
5 1 5 5 0 5 5 9 7 5
0 1
3 3 13 6 6 3 13 13 10 13 10 13 0 13
4 4 4 0 4
5 5 5 5 0 9 9 9 5 5
5 3 5 5 0 8 8 5 13 13 13 13 5 5
4 1 4 0 6 4 8 6 12 12 12 8 12 4
2 4 4 0 4 7 10 10 10 5 14 14 14 4 14 14 18 14 4
6 3 1 3 6 0 9 9 6 11 9 13 9 15 13 6 6
2 0 6 5 6 2 8 6 8 12 12 6 14 12 14 2
4 4 4 0 7 7 4 10 10 7 13 13 7 16 16 7 19 19 16 22 22 16 28 23 26 28 28 22 32 32 32 28 36 36 36 32 38 36 40 38 43 43 40 4
2 0 4 2 8 8 8 4 8 2
13 4 4 1 6 1 8 6 10 1 13 13 0 15 13 13
3 3 0 5 3 7 3 7 7
0
2 0 9 5 9 5 9 9 2 11 9 2
2 0 9 6 6 9 9 9 2 11 9 13 11 9 16 14 2
5 1 5 5 0 5 5 9 7 5
0 1
3 3 13 6 6 3 13 13 10 13 10 13 0 13
4 4 4 0 4
5 5 5 5 0 9 9 9 5 5
5 3 5 5 0 8 8 5 13 13 13 13 5 5
4 1 4 0 6 4 8 6 12 12 12 8 12 4
2 4 4 0 4 7 10 10 10 4 14 14 14 4 14 14 18 14 4
6 3 1 3 6 0 9 9 6 11 9 13 9 15 13 6 6
2 0 6 5 6 2 8 6 8 12 12 6 14 12 14 2
4 4 4 0 7 7 4 10 10 7 13 13 7 16 16 7 19 19 16 22 22 16 28 23 26 28 28 22 32 32 32 28 36 36 36 32 38 36 40 38 43 43 40 4
2 0 4 2 8 8 8 4 8 2
13 4 4 1 6 1 8 6 10 1 13 13 0 15 13 13
3 3 0 5 3 7 3 7 7
0
2 0 9 5 9 5 9 9 2 11 9 2
2 0 9 6 6 9 9 9 2 11 9 13 11 9 16 14 2
5 1 5 5 0 5 5 9 7 5
0 1
3 3 13 6 6 3 13 13 10 13 10 13 0 13
4 4 4 0 4
5 5 5 5 0 9 9 9 5 5
5 3 5 5 0 8 8 5 13 13 13 13 5 5
4 1 4 0 6 4 8 6 12 12 12 8 12 4
2 0 5 5 2 5 8 5 11 11 8 15 15 15 2 15 15 19 15 2
6 3 1 3 6 0 9 9 6 11 9 13 9 15 13 6 6
2 0 6 5 6 2 8 6 8 12 12 6 14 12 14 2
4 4 4 0 7 7 4 10 10 7 13 13 7 16 16 7 19 19 16 22 22 16 28 23 26 28 28 22 32 32 32 28 36 36 36 32 38 36 40 38 43 43 40 4
2 0 4 2 8 8 8 4 8 2
13 4 4 1 6 1 8 6 10 1 13 13 0 15 13 13
3 3 0 5 3 7 3 7 7
0
2 0 9 5 9 5 9 9 2 11 9 2
2 0 9 6 6 9 9 9 2 11 9 13 11 9 16 14 2
5 1 5 5 0 5 5 9 7 5
0 1
3 3 13 6 6 3 13 13 10 13 10 13 0 13
4 4 4 0 4
5 5 5 5 0 9 9 9 5 5
5 3 5 5 0 8 8 5 13 13 13 13 5 5
4 1 4 0 6 4 8 6 12 12 12 8 12 4
2 0 5 5 2 5 8 5 11 11 8 15 15 15 2 15 15 19 15 2
6 3 1 3 6 0 9 9 6 11 9 13 9 15 13 6 6
2 0 6 5 6 2 8 6 8 12 12 6 14 12 14 2
4 4 4 0 7 7 4 10 10 7 13 13 7 16 16 7 19 19 16 22 22 16 28 23 26 28 28 22 32 32 32 28 36 36 36 32 38 36 40 38 43 43 40 4
2 0 4 2 8 8 8 4 8 2
13 1 4 13 6 4 8 6 10 8 13 13 0 15 13 13
3 3 0 5 3 7 3 7 7
0
2 0 9 5 9 5 9 9 2 11 9 2
2 0 9 6 6 9 9 9 2 11 9 13 11 9 16 14 2
5 1 5 5 0 5 5 9 7 5
0 1
3 3 13 6 6 3 13 13 10 13 10 13 0 13
4 4 4 0 4
5 5 5 5 0 9 9 9 5 5
5 3 5 5 0 8 8 5 13 13 13 13 5 5
4 1 4 0 6 4 8 6 12 12 12 8 12 4
2 0 5 5 2 5 8 5 11 11 8 15 15 15 2 15 15 19 15 2
6 3 1 3 6 0 9 9 6 11 9 13 9 15 13 6 6
2 0 6 5 6 2 8 6 8 12 12 6 14 12 14 2
4 4 4 0 7 7 4 10 10 7 13 13 7 16 16 7 19 19 16 22 22 16 28 23 26 28 28 22 32 32 32 28 36 36 36 32 38 36 40 38 43 43 40 4
2 0 4 2 8 8 8 4 8 2
2 14 5 5 2 7 2 9 7 11 9 14 14 0 16 14 14
3 3 0 5 3 7 3 7 7
0
2 0 9 5 9 5 9 9 2 11 9 2
2 0 9 6 6 9 9 9 2 11 9 13 11 9 16 14 2
5 1 5 5 0 5 5 9 7 5
0 1
3 3 13 6 6 3 13 13 10 13 10 13 0 13
4 4 4 0 4
5 5 5 5 0 9 9 9 5 5
5 3 5 5 0 8 8 5 13 13 13 13 5 5
4 1 4 0 6 4 8 6 12 12 12 8 12 4
2 0 5 5 2 5 8 5 11 11 8 15 15 15 2 15 15 19 15 2
6 3 1 3 6 0 9 9 6 11 9 13 9 15 13 6 6
2 0 6 5 6 2 8 6 8 12 12 6 14 12 14 2
4 4 4 0 7 7 4 10 10 7 13 13 7 16 16 7 19 19 16 22 22 16 28 23 26 28 28 22 32 32 32 28 36 36 36 32 38 36 40 38 43 43 40 4
2 0 4 2 8 8 8 4 8 2
2 14 5 5 2 7 2 9 7 11 2 11 14 0 16 14 14
3 3 0 5 3 7 3 7 7
0
2 0 9 5 9 5 9 9 2 11 9 2
2 0 9 6 6 9 9 9 2 11 9 13 11 9 16 14 2
5 1 5 5 0 5 5 9 7 5
0 1
3 3 13 6 6 3 13 13 10 13 10 13 0 13
4 4 4 0 4
5 5 5 5 0 9 9 9 5 5
5 3 5 5 0 8 8 5 13 13 13 13 5 5
4 1 4 0 6 4 8 6 12 12 12 8 12 4
2 0 5 5 2 5 8 5 11 11 8 15 15 15 2 15 15 19 15 2
6 3 1 3 6 0 9 9 6 11 9 13 9 15 13 6 6
2 0 6 5 6 2 8 6 8 12 12 6 14 12 14 2
4 4 4 0 7 7 4 10 10 7 13 13 7 16 16 7 19 19 16 22 22 16 28 23 26 28 28 22 32 32 32 28 36 36 36 32 38 36 40 38 43 43 40 4
2 0 4 2 8 8 8 4 8 2
2 13 5 5 2 7 2 9 7 11 2 11 0 15 13 13
3 3 0 5 3 7 3 7 7
0
2 0 9 5 9 5 9 9 2 11 9 2
2 0 9 6 6 9 9 9 2 11 9 13 11 9 16 14 2
5 1 5 5 0 5 5 9 7 5
0 1
3 3 13 6 6 3 13 13 10 13 10 13 0 13
4 4 4 0 4
5 5 5 5 0 9 9 9 5 5
5 3 5 5 0 8 8 5 13 13 13 13 5 5
4 1 4 0 6 4 8 6 12 12 12 8 12 4
2 0 5 5 2 5 8 5 11 11 8 15 15 15 2 15 15 19 15 2
6 3 1 3 6 0 9 9 6 11 9 13 9 15 13 6 6
2 0 6 5 6 2 8 6 8 12 12 6 14 12 14 2
4 4 4 0 7 7 4 10 10 7 13 13 7 16 16 7 19 19 16 22 22 16 28 23 26 28 28 22 32 32 32 28 36 36 36 32 38 36 40 38 43 43 40 4
2 0 4 2 8 8 8 4 8 2
2 0 5 5 2 7 2 9 7 11 2 11 2 2
2 0 4 2 2
3 3 0 5 3 7 3 7
0
2 0 9 5 9 5 9 9 2 11 9 2
2 0 9 6 6 9 9 9 2 11 9 13 11 9 16 14 2
5 1 5 5 0 5 5 9 7 5
0 1
3 3 13 6 6 3 13 13 10 13 10 13 0 13
4 4 4 0 4
5 5 5 5 0 9 9 9 5 5
5 3 5 5 0 8 8 5 13 13 13 13 5 5
4 1 4 0 6 4 8 6 12 12 12 8 12 4
2 0 5 5 2 5 8 5 11 11 8 15 15 15 2 15 15 19 15 2
6 3 1 3 6 0 9 9 6 11 9 13 9 15 13 6 6
2 0 6 5 6 2 8 6 8 12 12 6 14 12 14 2
4 4 4 0 7 7 4 10 10 7 13 13 7 16 16 7 19 19 16 22 22 16 28 23 26 28 28 22 32 32 32 28 36 36 36 32 38 36 40 38 43 43 40 4
2 0 4 2 8 8 8 4 8 2
2 0 5 5 2 7 2 9 7 11 9 11 2
2 0 4 2 2
3 3 0 5 3 7 3 7 7
0
2 0 9 5 9 5 9 9 2 11 9 2
2 0 9 6 6 9 9 9 2 11 9 13 11 9 16 14 2
5 1 5 5 0 5 5 9 7 5
0 1
3 3 13 6 6 3 13 13 10 13 10 13 0 13
4 4 4 0 4
5 5 5 5 0 9 9 9 5 5
5 3 5 5 0 8 8 5 13 13 13 13 5 5
4 1 4 0 6 4 8 6 12 12 12 8 12 4
2 0 5 5 2 5 8 5 11 11 8 15 15 15 2 15 15 19 15 2
6 3 1 3 6 0 9 9 6 11 9 13 9 15 13 6 6
2 0 6 5 6 2 8 6 8 12 12 6 14 12 14 2
4 4 4 0 7 7 4 10 10 7 13 13 7 16 16 7 19 19 16 22 22 16 28 23 26 28 28 22 32 32 32 28 36 36 36 32 38 36 40 38 43 43 40 4
2 0 4 2 8 8 8 4 8 2
2 0 5 5 2 7 2 9 7 11 2 11 2 2
2 0 4 2 2
3 3 0 5 3 7 3 7
0
