0
0
0
0
0 1
0
4 1 4 0 4
4 1 4 0 4
11 1 4 11 4 5 8 5 11 11 0
10 1 4 10 4 5 8 4 10 0 10
4 1 4 0 4 5 8 5 8 8 8 5
4 1 4 0 4 4 4 4 4 4 4 4
4 1 4 0 4 5 5 5 10 4 10 14 14 10
4 1 4 0 4 5 5 5 10 4 10 14 14 10
10 1 4 10 4 5 8 4 10 0 10 15 14 15 10 15
10 1 4 10 4 5 8 5 10 0 10 15 14 15 10
10 1 4 10 4 5 8 4 10 0 10 15 14 15 10 17 15
10 1 4 10 4 5 8 5 10 0 10 15 14 15 10 17 15
10 1 4 10 4 5 8 5 10 0 10 17 14 15 10 17 15 19
10 1 4 10 4 5 8 5 10 0 10 17 14 15 10 17 15 10
10 1 4 10 4 5 8 5 10 0 10 17 14 15 10 17 15 10
10 1 4 10 4 5 8 5 10 0 10 17 14 15 10 17 15 10
10 1 4 10 4 5 8 5 10 0 10 17 14 15 10 17 15 19 17
10 1 4 10 4 5 8 5 10 0 10 17 14 15 10 17 15 10
10 1 4 10 4 5 8 5 10 0 10 17 14 15 10 17 15 19 17
10 1 4 10 4 5 8 5 10 0 10 17 14 15 10 17 15 19 17
10 1 4 10 4 5 8 5 10 0 10 17 14 15 10 17 15 19 17 10
10 1 4 10 4 5 8 5 10 0 10 17 14 15 10 17 15 19 17
10 1 4 10 4 5 8 5 10 0 10 17 14 15 10 17 15 19 17 10
10 1 4 10 4 5 8 5 10 0 10 17 14 15 10 17 15 19 17
10 1 4 10 4 5 8 5 10 0 10 17 14 15 10 17 15 20 20 17 20
10 1 4 10 4 5 8 5 10 0 10 17 14 15 10 17 15 20 20 17 20
10 1 4 10 4 5 8 5 10 0 10 17 14 15 10 17 15 20 20 17 20
10 1 4 10 4 5 8 5 10 0 10 17 14 15 10 17 15 20 20 17 10
10 1 4 10 4 5 8 5 10 0 10 17 14 15 10 17 15 20 20 17 20
10 1 4 10 4 5 8 5 10 0 10 17 14 15 10 17 15 20 20 17 10
10 1 4 10 4 5 8 5 10 0 10 17 14 15 10 17 15 20 20 17 23 23 20
10 1 4 10 4 5 8 5 10 0 10 17 14 15 10 17 15 20 20 17 23 23 17
10 1 4 10 4 5 5 5 10 0 10 17 14 15 10 17 15 20 20 17 24 24 24 17 27 27 24 29 24
10 1 4 10 4 5 5 5 10 0 10 17 14 15 10 17 15 20 20 17 24 24 24 17 27 27 24 29
10 1 4 10 4 5 5 5 10 0 10 17 14 15 10 17 15 20 20 17 24 24 24 17 27 27 24 29 24
10 1 4 10 4 5 5 5 10 0 10 17 14 15 10 17 15 20 20 17 24 24 24 17 27 27 24 29
10 1 4 10 4 5 5 5 10 0 10 17 14 15 10 17 15 20 20 17 24 24 24 17 27 27 24 30 30
10 1 4 10 4 5 5 5 10 0 10 17 14 15 10 17 15 20 20 17 24 24 24 17 27 27 24 30 30
10 1 4 10 4 5 5 5 10 0 10 17 14 15 10 17 15 20 20 17 24 24 24 17 27 27 24 30 30
10 1 4 10 4 5 5 5 10 0 10 17 14 15 10 17 15 20 20 17 24 24 24 17 27 27 24
10 1 4 10 4 5 5 5 10 0 10 17 14 15 10 17 15 20 20 17 24 24 24 17 27 27 24 29 24
10 1 4 10 4 5 5 5 10 0 10 17 14 15 10 17 15 20 20 17 24 24 24 17 27 27 24 29 24
10 1 4 10 4 5 5 5 10 0 10 17 14 15 10 17 15 20 20 17 24 24 24 17 27 27 24 29 27 32 32
10 1 4 10 4 5 5 5 10 0 10 17 14 15 10 17 15 20 20 17 24 24 24 17 27 27 24 29 27 32 32
10 1 4 10 4 5 5 5 10 0 10 17 14 15 10 17 15 20 20 17 24 24 24 17 27 27 24 29 27 32 32 15
10 1 4 10 4 5 5 5 10 0 10 17 14 15 10 17 15 20 20 17 24 24 24 17 27 27 24 29 24 32 32 24
