0
0
0
0
0
0 1
0 3 1
0 1
0 3 1
0 3 1
0
0
0
2 0
0
2 0 2 3
3 3 0 3
2 0 2 3
3 3 0 3
2 0 2 3
3 3 0 3
2 3 0 3 6 3
0 1 1 1 6 1
2 0 2 3 6 3 6 9 2 12 12 2
2 0 2 3 6 3 6 9 2 12 12 3
2 0 2 3 6 3 6 9 2 12 12 3
2 0 2 3 6 3 6 9 2 12 12 3
2 0 2 3 6 3 6 9 2 12 12 3 12 13
2 0 2 3 6 3 6 9 2 12 12 13 2 2
2 0 2 3 6 3 6 9 2 13 12 13 2 15 13 15 16
2 0 2 3 6 3 6 9 2 13 12 13 2 15 13 13 13
2 0 2 3 6 3 6 9 2 13 12 13 2 15 13 15 18 13
2 0 2 3 6 3 6 9 2 13 12 13 2 15 13 13 13
2 0 2 3 6 3 6 9 2 13 12 13 2 15 13 15 18 13 18 19
2 0 2 3 6 3 6 9 2 13 12 13 2 15 13 15 18 13 18 19
2 0 2 3 6 3 6 9 2 13 12 13 2 15 13 15 18 13 18 24 22 18 24 22
