2 0
2 0
2 4 4 0
2 0 2
2 6 6 6 6 0
2 6 6 6 6 0
2 9 9 9 9 9 9 9 0
2 9 9 9 9 9 9 9 0
2 9 9 9 9 9 9 9 0
2 9 9 9 9 9 9 9 0
2 10 10 10 10 10 10 10 10 0 10
2 9 9 9 9 9 9 9 0
2 10 10 10 10 10 10 7 10 0
2 10 10 10 10 10 10 10 10 0
2 11 11 11 11 11 11 7 11 11 0
2 11 11 11 11 9 9 9 11 11 0
2 8 8 8 8 8 8 9 0 11 9 11
2 8 8 8 8 8 8 9 0 11 9 11
2 7 7 7 8 7 0 7 7 13 13 13 7
2 8 8 8 8 8 8 9 0 11 9 11
2 8 8 8 8 7 8 0 8 14 14 14 14 8 16
2 9 9 9 9 9 9 9 0 14 14 14 14 9 14
2 9 9 9 9 7 8 9 0 14 14 14 14 9 17 17 14
2 9 9 9 9 7 8 9 0 14 14 14 14 9 17 17 14
2 7 7 7 8 7 8 9 0 14 14 14 14 7 17 17 14
2 9 9 9 9 7 8 9 0 14 14 14 14 9 17 17 14
2 9 9 9 9 7 8 9 0 14 14 14 14 8 17 17 14
2 8 8 8 8 7 8 0 8 14 14 14 14 8 17 17 14
2 8 8 8 8 7 8 9 0 14 14 14 14 8 16 14 16
2 8 8 8 8 7 8 9 0 14 14 14 14 8 16 14 16
2 8 8 8 8 8 8 0 8 8 14 14 14 8 18 18 18 14 20 18 8
2 8 8 8 8 7 8 9 0 14 14 14 14 8 18 18 18 14 18 19
2 8 8 8 8 7 8 9 0 14 14 14 14 8 18 18 18 14 18 19 14
2 8 8 8 8 7 8 9 0 14 14 14 14 8 18 18 18 14 18 19
2 8 8 8 8 7 8 9 0 14 14 14 14 8 18 18 18 14 18 19 14
2 8 8 8 8 7 8 9 0 14 14 14 14 8 18 18 18 14 18 19
2 8 8 8 8 7 8 9 0 14 14 14 14 8 18 18 18 14 18 19 14
2 8 8 8 8 7 8 9 0 14 14 14 14 8 18 18 18 14 18 19
2 8 8 8 8 7 8 9 0 14 14 14 14 8 18 18 18 14 18 19 14
0
2 8 8 8 8 7 8 9 0 14 14 14 14 8 18 18 18 14 18 19
2 8 8 8 8 7 8 9 0 14 14 14 14 8 18 18 18 14 18 19 14
2 8 8 8 8 7 8 9 0 14 14 14 14 8 18 18 18 14 18 19
2 8 8 8 8 8 8 0 8 8 14 14 14 8 18 18 18 14 20 18 8
0
2 8 8 8 8 8 8 0 8 8 14 14 14 8 18 18 18 14 20 18 8
0
2 8 8 8 8 8 8 0 8 8 14 14 14 8 18 18 18 14 20 18 8
2 4 4 0
2 8 8 8 8 8 8 0 8 8 14 14 14 8 18 18 18 14 20 18 8
2 0 2
2 8 8 8 8 8 8 0 8 8 14 14 14 8 18 18 18 14 20 18 8
2 0 6 5 6 2 2
2 8 8 8 8 8 8 0 8 8 14 14 14 8 18 18 18 14 20 18 8
2 0 6 6 6 2
2 8 8 8 8 8 8 0 8 8 14 14 14 8 18 18 18 14 20 18 8
2 0 6 6 6 2 6
2 8 8 8 8 8 8 0 8 8 14 14 14 8 18 18 18 14 20 18 8
2 0 6 5 6 2 2
2 8 8 8 8 8 8 0 8 8 14 14 14 8 18 18 18 14 20 18 8
2 0 6 6 6 2 6
2 8 8 8 8 8 8 0 8 8 14 14 14 8 18 18 18 14 20 18 8
2 0 6 5 6 2 2
2 8 8 8 8 8 8 0 8 8 14 14 14 8 18 18 18 14 20 18 8
2 0 2 5 6 2 11 11 11 11 2 11 2
