2 0
2 0 4 2 4
2 4 4 0 4
2 4 4 0
2 6 4 6 6 0 8 10 10 6
2 6 4 6 6 0 8 6
2 6 4 6 6 0 8 6 8
2 6 4 6 6 0 8 6
2 6 4 6 6 0 8 6 11 11 6
2 6 4 6 6 0 8 6 11 11 6
2 6 4 6 6 0 8 6 11 11 6
2 6 4 6 6 0 8 6 10 6
2 6 4 6 6 0 8 6 10 6 12 10
2 6 4 6 6 0 8 6 10 6 12 10
2 6 4 6 6 0 8 6 10 6 13 13 10
2 6 4 6 6 0 8 6 10 6 12 10
2 6 4 6 6 0 8 6 10 11 6 11 6
2 6 4 6 6 0 8 6 13 13 13 13 6
2 6 4 6 6 0 8 6 13 13 13 13 6
2 6 4 6 6 0 8 6 10 6
2 6 4 6 6 0 8 6 11 11 6 11 14 11 20 20 20 19 17 11
2 6 4 6 6 0 8 6 11 11 6 11 14 11 17 17 11 20 20 17
2 6 4 6 6 0 8 6 11 11 6 11 14 11 20 20 20 19 17 11
2 6 4 6 6 0 8 6 11 11 6 11 14 11 17 17 11 20 20 17
2 6 4 6 6 0 8 6 11 11 6 11 14 11 17 17 11 20 20 17
2 6 4 6 6 0 8 6 11 11 6 11 14 11 20 20 20 19 17 11
2 6 4 6 6 0 8 6 11 11 6 11 14 11 17 17 11 20 20 17
2 6 4 6 6 0 8 6 11 11 6 11 14 11 17 17 11 20 20 17
2 6 4 6 6 0 8 6 11 11 6 11 14 11 20 20 20 19 17 11
2 6 4 6 6 0 8 6 11 11 6 11 14 11 20 20 20 19 17 11
2 6 4 6 6 0 8 6 11 11 6 11 14 11 17 17 11 20 20 17
2 6 4 6 6 0 8 6 11 11 6 11 14 11 17 17 11 20 20 17
2 6 4 6 6 0 8 6 11 11 6 11 14 11 17 17 11 20 20 17
2 6 4 6 6 0 8 6 11 11 6 11 14 11 17 17 11 20 20 17
2 6 4 6 6 0 8 6 11 11 6 11 14 11 17 17 11 20 20 17
2 6 4 6 6 0 8 6 11 11 6 11 14 11 17 17 11 20 20 17 20
2 6 4 6 6 0 8 6 11 11 6 11 14 11 17 17 11 20 20 17
2 6 4 6 6 0 8 6 11 11 6 11 14 11 17 17 11 20 20 17
2 6 4 6 6 0 8 6 11 11 6 11 14 11 17 17 11 20 20 17
2 6 4 6 6 0 8 6 11 11 6 11 14 11 17 17 11 20 20 17 6
0
2 6 4 6 6 0 8 6 11 11 6 11 14 11 17 17 11 20 20 17 6
0
2 6 4 6 6 0 8 6 11 11 6 11 14 11 17 17 11 20 20 17 6
3 3 0 6 6 3
2 6 4 6 6 0 8 6 11 11 6 11 14 11 17 17 11 20 20 17 6
3 3 0 6 6 3
2 6 4 6 6 0 8 6 11 11 6 11 14 11 17 17 11 20 20 17 6
3 3 0 6 6 3
2 6 4 6 6 0 8 6 11 11 6 11 14 11 17 17 11 20 20 17 6
3 3 0 6 6 3
2 6 4 6 6 0 8 6 11 11 6 11 14 11 17 17 11 20 20 17 6
3 3 0 7 7 7 3
2 6 4 6 6 0 8 6 11 11 6 11 14 11 17 17 11 20 20 17 6
3 3 0 6 6 3
2 6 4 6 6 0 8 6 11 11 6 11 14 11 17 17 11 20 20 17 6
3 3 11 6 6 3 8 11 11 11 0 13 11
2 6 4 6 6 0 8 6 11 11 6 11 14 11 17 17 11 20 20 17 6
3 3 11 6 6 3 8 11 11 11 0
2 6 4 6 6 0 8 6 11 11 6 11 14 11 17 17 11 20 20 17 6
3 3 11 6 6 3 8 11 11 11 0 11
4 3 4 0 4
2 6 4 6 6 0 8 6 11 11 6 11 14 11 17 17 11 20 20 17 6
3 3 11 6 6 3 8 11 11 11 0 11
4 3 4 0
2 6 4 6 6 0 8 6 11 11 6 11 14 11 17 17 11 20 20 17 6
3 3 11 6 6 3 8 11 11 11 0 11
4 3 4 0 4
2 6 4 6 6 0 8 6 11 11 6 11 14 11 17 17 11 20 20 17 6
3 3 11 6 6 3 8 11 11 11 0 11
4 3 4 0
2 6 4 6 6 0 8 6 11 11 6 11 14 11 17 17 11 20 20 17 6
3 3 11 6 6 3 8 11 11 11 0 11
4 3 4 0 4
2 6 4 6 6 0 8 6 11 11 6 11 14 11 17 17 11 20 20 17 6
3 3 11 6 6 3 8 11 11 11 0 11
3 3 0
2 6 4 6 6 0 8 6 11 11 6 11 14 11 17 17 11 20 20 17 6
3 3 11 6 6 3 8 11 11 11 0 11
3 3 0 6 6 3
2 6 4 6 6 0 8 6 11 11 6 11 14 11 17 17 11 20 20 17 6
3 3 11 6 6 3 8 11 11 11 0 11
3 3 0 6 6 3
2 6 4 6 6 0 8 6 11 11 6 11 14 11 17 17 11 20 20 17 6
3 3 11 6 6 3 8 11 11 11 0 11
3 3 0 6 6 3
2 6 4 6 6 0 8 6 11 11 6 11 14 11 17 17 11 20 20 17 6
3 3 11 6 6 3 8 11 11 11 0 11
3 3 0 5 3
2 6 4 6 6 0 8 6 11 11 6 11 14 11 17 17 11 20 20 17 6
3 3 11 6 6 3 8 11 11 11 0 11
3 3 0 6 6 3 9 9 3 3
2 6 4 6 6 0 8 6 11 11 6 11 14 11 17 17 11 20 20 17 6
3 3 11 6 6 3 8 11 11 11 0 11
3 3 0 6 6 3 9 9 3
2 6 4 6 6 0 8 6 11 11 6 11 14 11 17 17 11 20 20 17 6
3 3 11 6 6 3 8 11 11 11 0 11
12 3 12 6 6 3 10 10 10 3 12 0 12
2 6 4 6 6 0 8 6 11 11 6 11 14 11 17 17 11 20 20 17 6
3 3 11 6 6 3 8 11 11 11 0 11
12 3 12 6 6 3 10 10 10 3 12 0 12
2 6 4 6 6 0 8 6 11 11 6 11 14 11 17 17 11 20 20 17 6
3 3 11 6 6 3 8 11 11 11 0 11
12 3 12 6 6 3 10 10 10 3 12 0 12
2 6 4 6 6 0 8 6 11 11 6 11 14 11 17 17 11 20 20 17 6
3 3 11 6 6 3 8 11 11 11 0 11
12 3 12 6 6 3 10 10 10 3 12 0
2 6 4 6 6 0 8 6 11 11 6 11 14 11 17 17 11 20 20 17 6
3 3 11 6 6 3 8 11 11 11 0 11
12 3 12 6 6 3 10 10 10 3 12 0 14 12 14
2 6 4 6 6 0 8 6 11 11 6 11 14 11 17 17 11 20 20 17 6
3 3 11 6 6 3 8 11 11 11 0 11
12 3 12 6 6 3 10 10 10 3 12 0 14 12
2 6 4 6 6 0 8 6 11 11 6 11 14 11 17 17 11 20 20 17 6
3 3 11 6 6 3 8 11 11 11 0 11
12 3 12 6 6 3 10 10 10 3 12 0 14 12
2 6 4 6 6 0 8 6 11 11 6 11 14 11 17 17 11 20 20 17 6
3 3 11 6 6 3 8 11 11 11 0 11
12 3 12 6 6 3 10 10 10 3 12 0 14 12
2 6 4 6 6 0 8 6 11 11 6 11 14 11 17 17 11 20 20 17 6
3 3 11 6 6 3 8 11 11 11 0 11
12 3 12 6 6 3 10 10 10 3 12 0 14 12 16 12 16 16 16
2 6 4 6 6 0 8 6 11 11 6 11 14 11 17 17 11 20 20 17 6
3 3 11 6 6 3 8 11 11 11 0 11
12 3 12 6 6 3 10 10 10 3 12 0 14 12 16 12 18 16
2 6 4 6 6 0 8 6 11 11 6 11 14 11 17 17 11 20 20 17 6
3 3 11 6 6 3 8 11 11 11 0 11
12 3 12 6 6 3 10 10 10 3 12 0 14 12 16 12 18 19 16
2 6 4 6 6 0 8 6 11 11 6 11 14 11 17 17 11 20 20 17 6
3 3 11 6 6 3 8 11 11 11 0 11
12 3 12 6 6 3 10 10 10 3 12 0 14 12 16 12 18 19 16
2 6 4 6 6 0 8 6 11 11 6 11 14 11 17 17 11 20 20 17 6
3 3 11 6 6 3 8 11 11 11 0 11
12 3 12 6 6 3 10 10 10 3 12 0 14 12 16 12 18 19 16 12
3 3 0 3
2 6 4 6 6 0 8 6 11 11 6 11 14 11 17 17 11 20 20 17 6
3 3 11 6 6 3 8 11 11 11 0 11
12 3 12 6 6 3 10 10 10 3 12 0 14 12 16 12 18 19 16 12
2 0
2 6 4 6 6 0 8 6 11 11 6 11 14 11 17 17 11 20 20 17 6
3 3 11 6 6 3 8 11 11 11 0 11
12 3 12 6 6 3 10 10 10 3 12 0 14 12 16 12 18 19 16 12
3 3 0 5 3 7 5 7 10 8
2 6 4 6 6 0 8 6 11 11 6 11 14 11 17 17 11 20 20 17 6
3 3 11 6 6 3 8 11 11 11 0 11
12 3 12 6 6 3 10 10 10 3 12 0 14 12 16 12 18 19 16 12
3 3 0 5 3 7 5 7 5
2 6 4 6 6 0 8 6 11 11 6 11 14 11 17 17 11 20 20 17 6
3 3 11 6 6 3 8 11 11 11 0 11
12 3 12 6 6 3 10 10 10 3 12 0 14 12 16 12 18 19 16 12
3 3 0 5 3 7 5 7 12 12 12 3
2 6 4 6 6 0 8 6 11 11 6 11 14 11 17 17 11 20 20 17 6
3 3 11 6 6 3 8 11 11 11 0 11
12 3 12 6 6 3 10 10 10 3 12 0 14 12 16 12 18 19 16 12
3 3 0 5 3 7 5 7 7 9
2 6 4 6 6 0 8 6 11 11 6 11 14 11 17 17 11 20 20 17 6
3 3 11 6 6 3 8 11 11 11 0 11
12 3 12 6 6 3 10 10 10 3 12 0 14 12 16 12 18 19 16 12
3 3 0 5 3 7 5 7 12 12 12 7
2 6 4 6 6 0 8 6 11 11 6 11 14 11 17 17 11 20 20 17 6
3 3 11 6 6 3 8 11 11 11 0 11
12 3 12 6 6 3 10 10 10 3 12 0 14 12 16 12 18 19 16 12
3 3 0 5 3 7 5 7 7 9 9
2 6 4 6 6 0 8 6 11 11 6 11 14 11 17 17 11 20 20 17 6
3 3 11 6 6 3 8 11 11 11 0 11
12 3 12 6 6 3 10 10 10 3 12 0 14 12 16 12 18 19 16 12
3 3 0 5 3 7 5 7 3 9 9 9
2 6 4 6 6 0 8 6 11 11 6 11 14 11 17 17 11 20 20 17 6
3 3 11 6 6 3 8 11 11 11 0 11
12 3 12 6 6 3 10 10 10 3 12 0 14 12 16 12 18 19 16 12
3 3 0 5 3 7 5 7 7 9 9
2 6 4 6 6 0 8 6 11 11 6 11 14 11 17 17 11 20 20 17 6
3 3 11 6 6 3 8 11 11 11 0 11
12 3 12 6 6 3 10 10 10 3 12 0 14 12 16 12 18 19 16 12
3 3 0 5 3 7 5 7 12 12 12 7
2 6 4 6 6 0 8 6 11 11 6 11 14 11 17 17 11 20 20 17 6
3 3 11 6 6 3 8 11 11 11 0 11
12 3 12 6 6 3 10 10 10 3 12 0 14 12 16 12 18 19 16 12
3 3 0 5 3 7 5 7 7 9 9
2 6 4 6 6 0 8 6 11 11 6 11 14 11 17 17 11 20 20 17 6
3 3 11 6 6 3 8 11 11 11 0 11
12 3 12 6 6 3 10 10 10 3 12 0 14 12 16 12 18 19 16 12
3 3 0 5 3 7 5 7 13 13 13 13 7
2 6 4 6 6 0 8 6 11 11 6 11 14 11 17 17 11 20 20 17 6
3 3 11 6 6 3 8 11 11 11 0 11
12 3 12 6 6 3 10 10 10 3 12 0 14 12 16 12 18 19 16 12
3 3 0 5 3 7 5 7 13 13 13 13 5
2 6 4 6 6 0 8 6 11 11 6 11 14 11 17 17 11 20 20 17 6
3 3 11 6 6 3 8 11 11 11 0 11
12 3 12 6 6 3 10 10 10 3 12 0 14 12 16 12 18 19 16 12
3 3 0 5 3 7 5 7 13 13 13 13 7
2 6 4 6 6 0 8 6 11 11 6 11 14 11 17 17 11 20 20 17 6
3 3 11 6 6 3 8 11 11 11 0 11
12 3 12 6 6 3 10 10 10 3 12 0 14 12 16 12 18 19 16 12
3 3 0 5 3 7 5 7 13 13 13 13 5 13 16 13 16
2 6 4 6 6 0 8 6 11 11 6 11 14 11 17 17 11 20 20 17 6
3 3 11 6 6 3 8 11 11 11 0 11
12 3 12 6 6 3 10 10 10 3 12 0 14 12 16 12 18 19 16 12
3 3 0 5 3 7 5 7 13 13 13 13 5 17 14 17 13
2 6 4 6 6 0 8 6 11 11 6 11 14 11 17 17 11 20 20 17 6
3 3 11 6 6 3 8 11 11 11 0 11
12 3 12 6 6 3 10 10 10 3 12 0 14 12 16 12 18 19 16 12
3 3 0 5 3 7 5 7 13 13 13 13 5 13 16 13 16
2 6 4 6 6 0 8 6 11 11 6 11 14 11 17 17 11 20 20 17 6
3 3 11 6 6 3 8 11 11 11 0 11
12 3 12 6 6 3 10 10 10 3 12 0 14 12 16 12 18 19 16 12
3 3 0 5 3 7 5 7 13 13 13 13 5 17 14 17 13
2 6 4 6 6 0 8 6 11 11 6 11 14 11 17 17 11 20 20 17 6
3 3 11 6 6 3 8 11 11 11 0 11
12 3 12 6 6 3 10 10 10 3 12 0 14 12 16 12 18 19 16 12
3 3 0 5 3 7 5 7 13 13 13 13 5 17 14 17 13
2 6 4 6 6 0 8 6 11 11 6 11 14 11 17 17 11 20 20 17 6
3 3 11 6 6 3 8 11 11 11 0 11
12 3 12 6 6 3 10 10 10 3 12 0 14 12 16 12 18 19 16 12
3 3 0 5 3 7 5 7 13 13 13 13 5 13 16 14
2 6 4 6 6 0 8 6 11 11 6 11 14 11 17 17 11 20 20 17 6
3 3 11 6 6 3 8 11 11 11 0 11
12 3 12 6 6 3 10 10 10 3 12 0 14 12 16 12 18 19 16 12
3 3 0 5 3 7 5 7 13 13 13 13 7 17 14 17 13
2 6 4 6 6 0 8 6 11 11 6 11 14 11 17 17 11 20 20 17 6
3 3 11 6 6 3 8 11 11 11 0 11
12 3 12 6 6 3 10 10 10 3 12 0 14 12 16 12 18 19 16 12
3 3 22 5 3 7 5 7 13 13 13 13 7 18 14 18 18 22 22 22 22 0 22
2 6 4 6 6 0 8 6 11 11 6 11 14 11 17 17 11 20 20 17 6
3 3 11 6 6 3 8 11 11 11 0 11
12 3 12 6 6 3 10 10 10 3 12 0 14 12 16 12 18 19 16 12
3 3 22 5 3 7 5 7 13 13 13 13 7 18 14 18 18 13 22 22 22 0
2 6 4 6 6 0 8 6 11 11 6 11 14 11 17 17 11 20 20 17 6
3 3 11 6 6 3 8 11 11 11 0 11
12 3 12 6 6 3 10 10 10 3 12 0 14 12 16 12 18 19 16 12
3 3 22 5 3 7 5 7 13 13 13 13 7 18 14 18 18 22 22 22 22 0 22 22
2 6 4 6 6 0 8 6 11 11 6 11 14 11 17 17 11 20 20 17 6
3 3 11 6 6 3 8 11 11 11 0 11
12 3 12 6 6 3 10 10 10 3 12 0 14 12 16 12 18 19 16 12
3 3 22 5 3 7 5 7 13 13 13 13 7 18 14 18 18 22 22 22 22 0 22 22
2 6 4 6 6 0 8 6 11 11 6 11 14 11 17 17 11 20 20 17 6
3 3 11 6 6 3 8 11 11 11 0 11
12 3 12 6 6 3 10 10 10 3 12 0 14 12 16 12 18 19 16 12
3 3 22 5 3 7 5 7 13 13 13 13 7 18 14 18 18 22 22 22 22 0 22 22 26 22 28 26 32 32 32 26
2 6 4 6 6 0 8 6 11 11 6 11 14 11 17 17 11 20 20 17 6
3 3 11 6 6 3 8 11 11 11 0 11
12 3 12 6 6 3 10 10 10 3 12 0 14 12 16 12 18 19 16 12
3 3 26 5 3 7 5 7 13 13 13 13 7 18 14 18 18 22 22 22 22 0 22 22 26 22 28 26 32 32 32 26
2 6 4 6 6 0 8 6 11 11 6 11 14 11 17 17 11 20 20 17 6
3 3 11 6 6 3 8 11 11 11 0 11
12 3 12 6 6 3 10 10 10 3 12 0 14 12 16 12 18 19 16 12
3 3 26 5 3 7 5 7 13 13 13 13 7 18 14 18 18 22 22 22 22 26 22 22 26 0 28 26 33 33 33 33 26 33
2 6 4 6 6 0 8 6 11 11 6 11 14 11 17 17 11 20 20 17 6
3 3 11 6 6 3 8 11 11 11 0 11
12 3 12 6 6 3 10 10 10 3 12 0 14 12 16 12 18 19 16 12
3 3 26 5 3 7 5 7 13 13 13 13 7 18 14 18 18 22 22 22 22 0 22 22 26 22 28 26 33 33 33 33 26 33
2 6 4 6 6 0 8 6 11 11 6 11 14 11 17 17 11 20 20 17 6
3 3 11 6 6 3 8 11 11 11 0 11
12 3 12 6 6 3 10 10 10 3 12 0 14 12 16 12 18 19 16 12
3 3 26 5 3 7 5 7 13 13 13 13 7 18 14 18 18 22 22 22 22 26 22 22 26 0 28 26 33 33 33 33 26 39 39 39 39 39 26 39
2 6 4 6 6 0 8 6 11 11 6 11 14 11 17 17 11 20 20 17 6
3 3 11 6 6 3 8 11 11 11 0 11
12 3 12 6 6 3 10 10 10 3 12 0 14 12 16 12 18 19 16 12
3 3 26 5 3 7 5 7 13 13 13 13 7 18 14 18 18 22 22 22 22 26 22 22 26 0 28 26 33 33 33 33 26 40 40 40 40 40 40 26
2 6 4 6 6 0 8 6 11 11 6 11 14 11 17 17 11 20 20 17 6
3 3 11 6 6 3 8 11 11 11 0 11
12 3 12 6 6 3 10 10 10 3 12 0 14 12 16 12 18 19 16 12
3 3 26 5 3 7 5 7 13 13 13 13 7 18 14 18 18 22 22 22 22 0 22 22 26 22 28 26 33 33 33 33 26 36 36 33 41 41 41 41 26 41
2 6 4 6 6 0 8 6 11 11 6 11 14 11 17 17 11 20 20 17 6
3 3 11 6 6 3 8 11 11 11 0 11
12 3 12 6 6 3 10 10 10 3 12 0 14 12 16 12 18 19 16 12
3 3 26 5 3 7 5 7 13 13 13 13 7 18 14 18 18 22 22 22 22 0 22 22 26 22 28 26 33 33 33 33 26 36 36 33 41 41 41 41 26 41
2 6 4 6 6 0 8 6 11 11 6 11 14 11 17 17 11 20 20 17 6
3 3 11 6 6 3 8 11 11 11 0 11
12 3 12 6 6 3 10 10 10 3 12 0 14 12 16 12 18 19 16 12
3 3 26 5 3 7 5 7 13 13 13 13 7 18 14 18 18 22 22 22 22 0 22 22 26 22 28 26 33 33 33 33 26 36 36 26 41 41 41 41 26 41 44 42 41
2 6 4 6 6 0 8 6 11 11 6 11 14 11 17 17 11 20 20 17 6
3 3 11 6 6 3 8 11 11 11 0 11
12 3 12 6 6 3 10 10 10 3 12 0 14 12 16 12 18 19 16 12
3 3 26 5 3 7 5 7 13 13 13 13 7 18 14 18 18 22 22 22 22 0 22 22 26 22 28 26 33 33 33 33 26 36 36 33 41 41 41 41 26 41 44 42 41
2 6 4 6 6 0 8 6 11 11 6 11 14 11 17 17 11 20 20 17 6
3 3 11 6 6 3 8 11 11 11 0 11
12 3 12 6 6 3 10 10 10 3 12 0 14 12 16 12 18 19 16 12
3 3 26 5 3 7 5 7 13 13 13 13 7 18 14 18 18 22 22 22 22 26 22 22 26 0 28 26 33 33 33 33 26 36 36 26 41 41 41 41 26 41 45 45 42 47 45
2 6 4 6 6 0 8 6 11 11 6 11 14 11 17 17 11 20 20 17 6
3 3 11 6 6 3 8 11 11 11 0 11
12 3 12 6 6 3 10 10 10 3 12 0 14 12 16 12 18 19 16 12
3 3 26 5 3 7 5 7 13 13 13 13 7 18 14 18 18 22 22 22 22 26 22 22 26 0 28 26 33 33 33 33 26 36 36 26 41 41 41 41 26 41 45 45 41 45
2 6 4 6 6 0 8 6 11 11 6 11 14 11 17 17 11 20 20 17 6
3 3 11 6 6 3 8 11 11 11 0 11
12 3 12 6 6 3 10 10 10 3 12 0 14 12 16 12 18 19 16 12
3 3 26 5 3 7 5 7 13 13 13 13 7 18 14 18 18 22 22 22 22 26 22 22 26 0 28 26 33 33 33 33 26 36 36 26 41 41 41 41 26 41 45 45 42 47 45
2 6 4 6 6 0 8 6 11 11 6 11 14 11 17 17 11 20 20 17 6
3 3 11 6 6 3 8 11 11 11 0 11
12 3 12 6 6 3 10 10 10 3 12 0 14 12 16 12 18 19 16 12
3 3 26 5 3 7 5 7 13 13 13 13 7 18 14 18 18 22 22 22 22 26 22 22 26 0 28 26 33 33 33 33 26 36 36 26 41 41 41 41 26 41 45 45 41 45
2 6 4 6 6 0 8 6 11 11 6 11 14 11 17 17 11 20 20 17 6
3 3 11 6 6 3 8 11 11 11 0 11
12 3 12 6 6 3 10 10 10 3 12 0 14 12 16 12 18 19 16 12
3 3 26 5 3 7 5 7 13 13 13 13 7 18 14 18 18 22 22 22 22 26 22 22 26 0 28 26 33 33 33 33 26 36 36 26 41 41 41 41 26 41 45 45 42 47 45 49 47
2 6 4 6 6 0 8 6 11 11 6 11 14 11 17 17 11 20 20 17 6
3 3 11 6 6 3 8 11 11 11 0 11
12 3 12 6 6 3 10 10 10 3 12 0 14 12 16 12 18 19 16 12
3 3 26 5 3 7 5 7 13 13 13 13 7 18 14 18 18 22 22 22 22 26 22 22 26 0 28 26 33 33 33 33 26 36 36 26 41 41 41 41 26 41 45 45 42 47 45 49 47
2 6 4 6 6 0 8 6 11 11 6 11 14 11 17 17 11 20 20 17 6
3 3 11 6 6 3 8 11 11 11 0 11
12 3 12 6 6 3 10 10 10 3 12 0 14 12 16 12 18 19 16 12
3 3 26 5 3 7 5 7 13 13 13 13 7 18 14 18 18 22 22 22 22 26 22 22 26 0 28 26 33 33 33 33 26 36 36 26 41 41 41 41 26 41 45 45 42 47 45 49 47 47 50
2 6 4 6 6 0 8 6 11 11 6 11 14 11 17 17 11 20 20 17 6
3 3 11 6 6 3 8 11 11 11 0 11
12 3 12 6 6 3 10 10 10 3 12 0 14 12 16 12 18 19 16 12
3 3 26 5 3 7 5 7 13 13 13 13 7 18 14 18 18 22 22 22 22 26 22 22 26 0 28 26 33 33 33 33 26 36 36 26 41 41 41 41 26 41 45 45 42 47 45 49 47
2 6 4 6 6 0 8 6 11 11 6 11 14 11 17 17 11 20 20 17 6
3 3 11 6 6 3 8 11 11 11 0 11
12 3 12 6 6 3 10 10 10 3 12 0 14 12 16 12 18 19 16 12
3 3 26 5 3 7 5 7 13 13 13 13 7 18 14 18 18 22 22 22 22 26 22 22 26 0 28 26 33 33 33 33 26 36 36 26 41 41 41 41 26 41 45 45 42 47 45 49 47 51 49
2 6 4 6 6 0 8 6 11 11 6 11 14 11 17 17 11 20 20 17 6
3 3 11 6 6 3 8 11 11 11 0 11
12 3 12 6 6 3 10 10 10 3 12 0 14 12 16 12 18 19 16 12
3 3 26 5 3 7 5 7 13 13 13 13 7 18 14 18 18 22 22 22 22 26 22 22 26 0 28 26 33 33 33 33 26 36 36 26 41 41 41 41 26 41 45 45 42 47 45 49 47 45 26
2 6 4 6 6 0 8 6 11 11 6 11 14 11 17 17 11 20 20 17 6
3 3 11 6 6 3 8 11 11 11 0 11
12 3 12 6 6 3 10 10 10 3 12 0 14 12 16 12 18 19 16 12
3 3 26 5 3 7 5 7 13 13 13 13 7 18 14 18 18 22 22 22 22 26 22 22 26 0 28 26 33 33 33 33 26 36 36 26 41 41 41 41 26 41 45 45 42 47 45 49 47 52 52 47 52
2 6 4 6 6 0 8 6 11 11 6 11 14 11 17 17 11 20 20 17 6
3 3 11 6 6 3 8 11 11 11 0 11
12 3 12 6 6 3 10 10 10 3 12 0 14 12 16 12 18 19 16 12
3 3 26 5 3 7 5 7 13 13 13 13 7 18 14 18 18 22 22 22 22 26 22 22 26 0 28 26 33 33 33 33 26 36 36 26 41 41 41 41 26 41 45 45 42 47 45 49 47 52 52 45 52
2 6 4 6 6 0 8 6 11 11 6 11 14 11 17 17 11 20 20 17 6
3 3 11 6 6 3 8 11 11 11 0 11
12 3 12 6 6 3 10 10 10 3 12 0 14 12 16 12 18 19 16 12
3 3 26 5 3 7 5 7 13 13 13 13 7 18 14 18 18 22 22 22 22 26 22 22 26 0 28 26 33 33 33 33 26 36 36 26 41 41 41 41 26 41 45 45 42 47 45 49 47 53 52 53 45 55 53 57 55
2 6 4 6 6 0 8 6 11 11 6 11 14 11 17 17 11 20 20 17 6
3 3 11 6 6 3 8 11 11 11 0 11
12 3 12 6 6 3 10 10 10 3 12 0 14 12 16 12 18 19 16 12
3 3 26 5 3 7 5 7 13 13 13 13 7 18 14 18 18 22 22 22 22 26 22 22 26 0 28 26 33 33 33 33 26 36 36 26 41 41 41 41 26 41 45 45 42 47 45 49 47 53 52 53 45 55 53 57 55
2 6 4 6 6 0 8 6 11 11 6 11 14 11 17 17 11 20 20 17 6
3 3 11 6 6 3 8 11 11 11 0 11
12 3 12 6 6 3 10 10 10 3 12 0 14 12 16 12 18 19 16 12
3 3 26 5 3 7 5 7 13 13 13 13 7 18 14 18 18 26 22 22 22 26 22 22 26 0 28 26 33 33 33 33 26 36 36 26 41 41 41 41 26 41 45 45 42 47 45 49 47 53 52 53 45 55 53 57 55 59 53 59 64 64 64 26
2 6 4 6 6 0 8 6 11 11 6 11 14 11 17 17 11 20 20 17 6
3 3 11 6 6 3 8 11 11 11 0 11
12 3 12 6 6 3 10 10 10 3 12 0 14 12 16 12 18 19 16 12
3 3 26 5 3 7 5 7 13 13 13 13 7 18 14 18 18 26 22 22 22 26 22 22 26 0 28 26 33 33 33 33 26 36 36 26 41 41 41 41 26 41 45 45 42 47 45 49 47 53 52 53 45 55 53 57 55 59 53
2 6 4 6 6 0 8 6 11 11 6 11 14 11 17 17 11 20 20 17 6
3 3 11 6 6 3 8 11 11 11 0 11
12 3 12 6 6 3 10 10 10 3 12 0 14 12 16 12 18 19 16 12
3 3 26 5 3 7 5 7 13 13 13 13 7 18 14 18 18 26 22 22 22 26 22 22 26 0 28 26 33 33 33 33 26 36 36 26 41 41 41 41 26 41 45 45 42 47 45 49 47 55 52 55 54 52 41 55 58 55 55 61 59 63 61 65 59
2 6 4 6 6 0 8 6 11 11 6 11 14 11 17 17 11 20 20 17 6
3 3 11 6 6 3 8 11 11 11 0 11
12 3 12 6 6 3 10 10 10 3 12 0 14 12 16 12 18 19 16 12
3 3 26 5 3 7 5 7 13 13 13 13 7 18 14 18 18 26 22 22 22 26 22 22 26 0 28 26 33 33 33 33 26 36 36 26 41 41 41 41 26 41 45 45 42 47 45 49 47 52 52 47 54 52 58 57 58 45 60 58 62 60 64 58
2 6 4 6 6 0 8 6 11 11 6 11 14 11 17 17 11 20 20 17 6
3 3 11 6 6 3 8 11 11 11 0 11
12 3 12 6 6 3 10 10 10 3 12 0 14 12 16 12 18 19 16 12
3 3 26 5 3 7 5 7 13 13 13 13 7 18 14 18 18 26 22 22 22 26 22 22 26 0 28 26 33 33 33 33 26 36 36 26 41 41 41 41 26 41 45 45 42 47 45 49 47 52 52 47 54 52 58 57 58 45 60 58 62 60 65 65 60 67 65 69 58
2 6 4 6 6 0 8 6 11 11 6 11 14 11 17 17 11 20 20 17 6
3 3 11 6 6 3 8 11 11 11 0 11
12 3 12 6 6 3 10 10 10 3 12 0 14 12 16 12 18 19 16 12
3 3 26 5 3 7 5 7 13 13 13 13 7 18 14 18 18 26 22 22 22 26 22 22 26 0 28 26 33 33 33 33 26 36 36 26 41 41 41 41 26 41 45 45 42 47 45 49 47 52 52 47 54 52 58 57 58 45 60 58 62 60 65 65 60 67 65 69 58
2 6 4 6 6 0 8 6 11 11 6 11 14 11 17 17 11 20 20 17 6
3 3 11 6 6 3 8 11 11 11 0 11
12 3 12 6 6 3 10 10 10 3 12 0 14 12 16 12 18 19 16 12
3 3 26 5 3 7 5 7 13 13 13 13 7 18 14 18 18 26 22 22 22 26 22 22 26 0 28 26 33 33 33 33 26 36 36 26 41 41 41 41 26 41 45 45 42 47 45 49 47 52 52 47 54 52 58 57 58 45 60 58 62 60 65 65 60 67 65 69 58
2 6 4 6 6 0 8 6 11 11 6 11 14 11 17 17 11 20 20 17 6
3 3 11 6 6 3 8 11 11 11 0 11
12 3 12 6 6 3 10 10 10 3 12 0 14 12 16 12 18 19 16 12
3 3 26 5 3 7 5 7 13 13 13 13 7 18 14 18 18 26 22 22 22 26 22 22 26 0 28 26 33 33 33 33 26 36 36 26 41 41 41 41 26 41 45 45 42 47 45 49 47 52 52 47 54 52 58 57 58 45 60 58 62 60 65 65 60 67 65 69 58 69
2 6 4 6 6 0 8 6 11 11 6 11 14 11 17 17 11 20 20 17 6
3 3 11 6 6 3 8 11 11 11 0 11
12 3 12 6 6 3 10 10 10 3 12 0 14 12 16 12 18 19 16 12
3 3 26 5 3 7 5 7 13 13 13 13 7 18 14 18 18 26 22 22 22 26 22 22 26 0 28 26 33 33 33 33 26 36 36 26 41 41 41 41 26 41 45 45 42 47 45 49 47 52 52 47 54 52 58 57 58 45 60 58 62 60 65 65 60 67 65 69 58 69
2 6 4 6 6 0 8 6 11 11 6 11 14 11 17 17 11 20 20 17 6
3 3 11 6 6 3 8 11 11 11 0 11
12 3 12 6 6 3 10 10 10 3 12 0 14 12 16 12 18 19 16 12
3 3 26 5 3 7 5 7 13 13 13 13 7 18 14 18 18 26 22 22 22 26 22 22 26 0 28 26 33 33 33 33 26 36 36 26 41 41 41 41 26 41 45 45 42 47 45 49 47 52 52 47 54 52 58 57 58 45 60 58 62 60 65 65 60 67 65 69 58 69 69
2 6 4 6 6 0 8 6 11 11 6 11 14 11 17 17 11 20 20 17 6
3 3 11 6 6 3 8 11 11 11 0 11
12 3 12 6 6 3 10 10 10 3 12 0 14 12 16 12 18 19 16 12
3 3 26 5 3 7 5 7 13 13 13 13 7 18 14 18 18 26 22 22 22 26 22 22 26 0 28 26 33 33 33 33 26 36 36 26 41 41 41 41 26 41 45 45 42 47 45 49 47 52 52 47 54 52 58 57 58 45 60 58 62 60 65 65 60 67 65 70 70 58
2 6 4 6 6 0 8 6 11 11 6 11 14 11 17 17 11 20 20 17 6
3 3 11 6 6 3 8 11 11 11 0 11
12 3 12 6 6 3 10 10 10 3 12 0 14 12 16 12 18 19 16 12
3 3 26 5 3 7 5 7 13 13 13 13 7 18 14 18 18 26 22 22 22 26 22 22 26 0 28 26 33 33 33 33 26 36 36 26 41 41 41 41 26 41 45 45 42 47 45 49 47 52 52 47 54 52 58 57 58 45 60 58 62 60 65 65 60 67 65 70 70 58 73 73 70
2 6 4 6 6 0 8 6 11 11 6 11 14 11 17 17 11 20 20 17 6
3 3 11 6 6 3 8 11 11 11 0 11
12 3 12 6 6 3 10 10 10 3 12 0 14 12 16 12 18 19 16 12
3 3 26 5 3 7 5 7 13 13 13 13 7 18 14 18 18 26 22 22 22 26 22 22 26 0 28 26 33 33 33 33 26 36 36 26 41 41 41 41 26 41 45 45 42 47 45 49 47 52 52 47 54 52 58 57 58 45 60 58 62 60 65 65 60 67 65 70 70 58 72 70
2 6 4 6 6 0 8 6 11 11 6 11 14 11 17 17 11 20 20 17 6
3 3 11 6 6 3 8 11 11 11 0 11
12 3 12 6 6 3 10 10 10 3 12 0 14 12 16 12 18 19 16 12
3 3 26 5 3 7 5 7 13 13 13 13 7 18 14 18 18 26 22 22 22 26 22 22 26 0 28 26 33 33 33 33 26 36 36 26 41 41 41 41 26 41 45 45 42 47 45 49 47 52 52 47 54 52 58 57 58 45 60 58 62 60 65 65 60 67 65 70 70 58 75 75 75 75 70
2 6 4 6 6 0 8 6 11 11 6 11 14 11 17 17 11 20 20 17 6
3 3 11 6 6 3 8 11 11 11 0 11
12 3 12 6 6 3 10 10 10 3 12 0 14 12 16 12 18 19 16 12
3 3 26 5 3 7 5 7 13 13 13 13 7 18 14 18 18 26 22 22 22 26 22 22 26 0 28 26 33 33 33 33 26 36 36 26 41 41 41 41 26 41 45 45 42 47 45 49 47 52 52 47 54 52 58 57 58 45 60 58 62 60 65 65 60 67 65 70 70 58 74 74 74 26
2 6 4 6 6 0 8 6 11 11 6 11 14 11 17 17 11 20 20 17 6
3 3 11 6 6 3 8 11 11 11 0 11
12 3 12 6 6 3 10 10 10 3 12 0 14 12 16 12 18 19 16 12
3 3 26 5 3 7 5 7 13 13 13 13 7 18 14 18 18 26 22 22 22 26 22 22 26 0 28 26 33 33 33 33 26 36 36 26 41 41 41 41 26 41 45 45 42 47 45 49 47 52 52 47 54 52 58 57 58 45 60 58 62 60 65 65 60 67 65 70 70 58 76 76 76 76 76 70 76
2 6 4 6 6 0 8 6 11 11 6 11 14 11 17 17 11 20 20 17 6
3 3 11 6 6 3 8 11 11 11 0 11
12 3 12 6 6 3 10 10 10 3 12 0 14 12 16 12 18 19 16 12
3 3 26 5 3 7 5 7 13 13 13 13 7 18 14 18 18 26 22 22 22 26 22 22 26 0 28 26 33 33 33 33 26 36 36 26 41 41 41 41 26 41 45 45 42 47 45 49 47 52 52 47 54 52 58 57 58 45 60 58 62 60 65 65 60 67 65 70 70 58 76 76 76 76 76 70 76
2 6 4 6 6 0 8 6 11 11 6 11 14 11 17 17 11 20 20 17 6
3 3 11 6 6 3 8 11 11 11 0 11
12 3 12 6 6 3 10 10 10 3 12 0 14 12 16 12 18 19 16 12
3 3 26 5 3 7 5 7 13 13 13 13 7 18 14 18 18 26 22 22 22 26 22 22 26 0 28 26 33 33 33 33 26 36 36 26 41 41 41 41 26 41 45 45 42 47 45 49 47 52 52 47 54 52 58 57 58 45 60 58 62 60 65 65 60 67 65 70 70 58 76 76 76 76 76 58 76 76
2 4 2 0
2 6 4 6 6 0 8 6 11 11 6 11 14 11 17 17 11 20 20 17 6
3 3 11 6 6 3 8 11 11 11 0 11
12 3 12 6 6 3 10 10 10 3 12 0 14 12 16 12 18 19 16 12
3 3 26 5 3 7 5 7 13 13 13 13 7 18 14 18 18 26 22 22 22 26 22 22 26 0 28 26 33 33 33 33 26 36 36 26 41 41 41 41 26 41 45 45 42 47 45 49 47 52 52 47 54 52 58 57 58 45 60 58 62 60 65 65 60 67 65 70 70 58 76 76 76 76 76 58 76 76
3 3 0
2 6 4 6 6 0 8 6 11 11 6 11 14 11 17 17 11 20 20 17 6
3 3 11 6 6 3 8 11 11 11 0 11
12 3 12 6 6 3 10 10 10 3 12 0 14 12 16 12 18 19 16 12
3 3 26 5 3 7 5 7 13 13 13 13 7 18 14 18 18 26 22 22 22 26 22 22 26 0 28 26 33 33 33 33 26 36 36 26 41 41 41 41 26 41 45 45 42 47 45 49 47 52 52 47 54 52 58 57 58 45 60 58 62 60 65 65 60 67 65 70 70 58 76 76 76 76 76 58 76 76
4 4 4 8 6 4 8 0 8
2 6 4 6 6 0 8 6 11 11 6 11 14 11 17 17 11 20 20 17 6
3 3 11 6 6 3 8 11 11 11 0 11
12 3 12 6 6 3 10 10 10 3 12 0 14 12 16 12 18 19 16 12
3 3 26 5 3 7 5 7 13 13 13 13 7 18 14 18 18 26 22 22 22 26 22 22 26 0 28 26 33 33 33 33 26 36 36 26 41 41 41 41 26 41 45 45 42 47 45 49 47 52 52 47 54 52 58 57 58 45 60 58 62 60 65 65 60 67 65 70 70 58 76 76 76 76 76 58 76 76
4 4 4 8 6 4 8 0 8
2 6 4 6 6 0 8 6 11 11 6 11 14 11 17 17 11 20 20 17 6
3 3 11 6 6 3 8 11 11 11 0 11
12 3 12 6 6 3 10 10 10 3 12 0 14 12 16 12 18 19 16 12
3 3 26 5 3 7 5 7 13 13 13 13 7 18 14 18 18 26 22 22 22 26 22 22 26 0 28 26 33 33 33 33 26 36 36 26 41 41 41 41 26 41 45 45 42 47 45 49 47 52 52 47 54 52 58 57 58 45 60 58 62 60 65 65 60 67 65 70 70 58 76 76 76 76 76 58 76 76
4 4 4 8 6 4 8 0 8
2 6 4 6 6 0 8 6 11 11 6 11 14 11 17 17 11 20 20 17 6
3 3 11 6 6 3 8 11 11 11 0 11
12 3 12 6 6 3 10 10 10 3 12 0 14 12 16 12 18 19 16 12
3 3 26 5 3 7 5 7 13 13 13 13 7 18 14 18 18 26 22 22 22 26 22 22 26 0 28 26 33 33 33 33 26 36 36 26 41 41 41 41 26 41 45 45 42 47 45 49 47 52 52 47 54 52 58 57 58 45 60 58 62 60 65 65 60 67 65 70 70 58 76 76 76 76 76 58 76 76
4 4 4 9 6 4 9 9 0 12 12 9 14 9 14 17 15 20 20 15 22 9
2 6 4 6 6 0 8 6 11 11 6 11 14 11 17 17 11 20 20 17 6
3 3 11 6 6 3 8 11 11 11 0 11
12 3 12 6 6 3 10 10 10 3 12 0 14 12 16 12 18 19 16 12
3 3 26 5 3 7 5 7 13 13 13 13 7 18 14 18 18 26 22 22 22 26 22 22 26 0 28 26 33 33 33 33 26 36 36 26 41 41 41 41 26 41 45 45 42 47 45 49 47 52 52 47 54 52 58 57 58 45 60 58 62 60 65 65 60 67 65 70 70 58 76 76 76 76 76 58 76 76
4 4 4 9 6 4 9 9 0 12 12 9 12 13 14 18 18 12 20 9
2 6 4 6 6 0 8 6 11 11 6 11 14 11 17 17 11 20 20 17 6
3 3 11 6 6 3 8 11 11 11 0 11
12 3 12 6 6 3 10 10 10 3 12 0 14 12 16 12 18 19 16 12
3 3 26 5 3 7 5 7 13 13 13 13 7 18 14 18 18 26 22 22 22 26 22 22 26 0 28 26 33 33 33 33 26 36 36 26 41 41 41 41 26 41 45 45 42 47 45 49 47 52 52 47 54 52 58 57 58 45 60 58 62 60 65 65 60 67 65 70 70 58 76 76 76 76 76 58 76 76
4 4 4 9 6 4 9 9 0 12 12 9 14 9 16 14 19 19 16 24 20 24 24 14 26 9
2 6 4 6 6 0 8 6 11 11 6 11 14 11 17 17 11 20 20 17 6
3 3 11 6 6 3 8 11 11 11 0 11
12 3 12 6 6 3 10 10 10 3 12 0 14 12 16 12 18 19 16 12
3 3 26 5 3 7 5 7 13 13 13 13 7 18 14 18 18 26 22 22 22 26 22 22 26 0 28 26 33 33 33 33 26 36 36 26 41 41 41 41 26 41 45 45 42 47 45 49 47 52 52 47 54 52 58 57 58 45 60 58 62 60 65 65 60 67 65 70 70 58 76 76 76 76 76 58 76 76
4 4 4 9 6 4 9 9 0 12 12 9 14 9 16 14 19 19 16 24 20 24 24 14 26 9
2 6 4 6 6 0 8 6 11 11 6 11 14 11 17 17 11 20 20 17 6
3 3 11 6 6 3 8 11 11 11 0 11
12 3 12 6 6 3 10 10 10 3 12 0 14 12 16 12 18 19 16 12
3 3 26 5 3 7 5 7 13 13 13 13 7 18 14 18 18 26 22 22 22 26 22 22 26 0 28 26 33 33 33 33 26 36 36 26 41 41 41 41 26 41 45 45 42 47 45 49 47 52 52 47 54 52 58 57 58 45 60 58 62 60 65 65 60 67 65 70 70 58 76 76 76 76 76 58 76 76
4 4 4 9 6 4 9 9 0 12 12 9 14 12 16 14 21 19 21 21 9 23 21 26 26 21 28 9
2 6 4 6 6 0 8 6 11 11 6 11 14 11 17 17 11 20 20 17 6
3 3 11 6 6 3 8 11 11 11 0 11
12 3 12 6 6 3 10 10 10 3 12 0 14 12 16 12 18 19 16 12
3 3 26 5 3 7 5 7 13 13 13 13 7 18 14 18 18 26 22 22 22 26 22 22 26 0 28 26 33 33 33 33 26 36 36 26 41 41 41 41 26 41 45 45 42 47 45 49 47 52 52 47 54 52 58 57 58 45 60 58 62 60 65 65 60 67 65 70 70 58 76 76 76 76 76 58 76 76
4 4 4 9 6 4 9 9 0 12 12 9 14 9 16 14 26 19 26 26 26 21 21 26 26 9 28 9
2 6 4 6 6 0 8 6 11 11 6 11 14 11 17 17 11 20 20 17 6
3 3 11 6 6 3 8 11 11 11 0 11
12 3 12 6 6 3 10 10 10 3 12 0 14 12 16 12 18 19 16 12
3 3 26 5 3 7 5 7 13 13 13 13 7 18 14 18 18 26 22 22 22 26 22 22 26 0 28 26 33 33 33 33 26 36 36 26 41 41 41 41 26 41 45 45 42 47 45 49 47 52 52 47 54 52 58 57 58 45 60 58 62 60 65 65 60 67 65 70 70 58 76 76 76 76 76 58 76 76
4 4 4 9 6 4 9 9 0 12 12 9 14 12 16 14 21 19 21 21 9 23 21 26 26 21 28 9
2 6 4 6 6 0 8 6 11 11 6 11 14 11 17 17 11 20 20 17 6
3 3 11 6 6 3 8 11 11 11 0 11
12 3 12 6 6 3 10 10 10 3 12 0 14 12 16 12 18 19 16 12
3 3 26 5 3 7 5 7 13 13 13 13 7 18 14 18 18 26 22 22 22 26 22 22 26 0 28 26 33 33 33 33 26 36 36 26 41 41 41 41 26 41 45 45 42 47 45 49 47 52 52 47 54 52 58 57 58 45 60 58 62 60 65 65 60 67 65 70 70 58 76 76 76 76 76 58 76 76
4 4 4 9 6 4 9 9 0 12 12 9 14 9 16 14 21 19 21 21 9 21 22 26 26 21 28 9
2 6 4 6 6 0 8 6 11 11 6 11 14 11 17 17 11 20 20 17 6
3 3 11 6 6 3 8 11 11 11 0 11
12 3 12 6 6 3 10 10 10 3 12 0 14 12 16 12 18 19 16 12
3 3 26 5 3 7 5 7 13 13 13 13 7 18 14 18 18 26 22 22 22 26 22 22 26 0 28 26 33 33 33 33 26 36 36 26 41 41 41 41 26 41 45 45 42 47 45 49 47 52 52 47 54 52 58 57 58 45 60 58 62 60 65 65 60 67 65 70 70 58 76 76 76 76 76 58 76 76
4 4 4 9 6 4 9 9 0 12 12 9 14 12 16 14 21 19 21 21 9 23 21 26 26 21 28 9
2 6 4 6 6 0 8 6 11 11 6 11 14 11 17 17 11 20 20 17 6
3 3 11 6 6 3 8 11 11 11 0 11
12 3 12 6 6 3 10 10 10 3 12 0 14 12 16 12 18 19 16 12
3 3 26 5 3 7 5 7 13 13 13 13 7 18 14 18 18 26 22 22 22 26 22 22 26 0 28 26 33 33 33 33 26 36 36 26 41 41 41 41 26 41 45 45 42 47 45 49 47 52 52 47 54 52 58 57 58 45 60 58 62 60 65 65 60 67 65 70 70 58 76 76 76 76 76 58 76 76
4 4 4 9 6 4 9 9 0 12 12 9 14 12 16 14 21 19 21 21 9 23 21 26 26 21 9
2 6 4 6 6 0 8 6 11 11 6 11 14 11 17 17 11 20 20 17 6
3 3 11 6 6 3 8 11 11 11 0 11
12 3 12 6 6 3 10 10 10 3 12 0 14 12 16 12 18 19 16 12
3 3 26 5 3 7 5 7 13 13 13 13 7 18 14 18 18 26 22 22 22 26 22 22 26 0 28 26 33 33 33 33 26 36 36 26 41 41 41 41 26 41 45 45 42 47 45 49 47 52 52 47 54 52 58 57 58 45 60 58 62 60 65 65 60 67 65 70 70 58 76 76 76 76 76 58 76 76
4 4 4 9 6 4 9 9 0 12 12 9 14 12 16 14 21 19 21 21 9 23 21 26 26 21 28 26
2 6 4 6 6 0 8 6 11 11 6 11 14 11 17 17 11 20 20 17 6
3 3 11 6 6 3 8 11 11 11 0 11
12 3 12 6 6 3 10 10 10 3 12 0 14 12 16 12 18 19 16 12
3 3 26 5 3 7 5 7 13 13 13 13 7 18 14 18 18 26 22 22 22 26 22 22 26 0 28 26 33 33 33 33 26 36 36 26 41 41 41 41 26 41 45 45 42 47 45 49 47 52 52 47 54 52 58 57 58 45 60 58 62 60 65 65 60 67 65 70 70 58 76 76 76 76 76 58 76 76
4 4 4 9 6 4 9 9 0 12 12 9 14 12 16 14 21 19 21 21 9 23 21 26 26 21 9
2 6 4 6 6 0 8 6 11 11 6 11 14 11 17 17 11 20 20 17 6
3 3 11 6 6 3 8 11 11 11 0 11
12 3 12 6 6 3 10 10 10 3 12 0 14 12 16 12 18 19 16 12
3 3 26 5 3 7 5 7 13 13 13 13 7 18 14 18 18 26 22 22 22 26 22 22 26 0 28 26 33 33 33 33 26 36 36 26 41 41 41 41 26 41 45 45 42 47 45 49 47 52 52 47 54 52 58 57 58 45 60 58 62 60 65 65 60 67 65 70 70 58 76 76 76 76 76 58 76 76
4 4 4 9 6 4 9 9 0 12 12 9 14 12 16 14 21 19 21 21 9 23 21 26 26 21 28 26
2 6 4 6 6 0 8 6 11 11 6 11 14 11 17 17 11 20 20 17 6
3 3 11 6 6 3 8 11 11 11 0 11
12 3 12 6 6 3 10 10 10 3 12 0 14 12 16 12 18 19 16 12
3 3 26 5 3 7 5 7 13 13 13 13 7 18 14 18 18 26 22 22 22 26 22 22 26 0 28 26 33 33 33 33 26 36 36 26 41 41 41 41 26 41 45 45 42 47 45 49 47 52 52 47 54 52 58 57 58 45 60 58 62 60 65 65 60 67 65 70 70 58 76 76 76 76 76 58 76 76
4 4 4 9 6 4 9 9 0 12 12 9 14 12 16 14 21 19 21 21 9 23 21 26 26 21 28 26
2 6 4 6 6 0 8 6 11 11 6 11 14 11 17 17 11 20 20 17 6
3 3 11 6 6 3 8 11 11 11 0 11
12 3 12 6 6 3 10 10 10 3 12 0 14 12 16 12 18 19 16 12
3 3 26 5 3 7 5 7 13 13 13 13 7 18 14 18 18 26 22 22 22 26 22 22 26 0 28 26 33 33 33 33 26 36 36 26 41 41 41 41 26 41 45 45 42 47 45 49 47 52 52 47 54 52 58 57 58 45 60 58 62 60 65 65 60 67 65 70 70 58 76 76 76 76 76 58 76 76
4 4 4 9 6 4 9 9 0 12 12 9 14 12 16 14 21 19 21 21 9 23 21 26 26 21 30 30 30
2 6 4 6 6 0 8 6 11 11 6 11 14 11 17 17 11 20 20 17 6
3 3 11 6 6 3 8 11 11 11 0 11
12 3 12 6 6 3 10 10 10 3 12 0 14 12 16 12 18 19 16 12
3 3 26 5 3 7 5 7 13 13 13 13 7 18 14 18 18 26 22 22 22 26 22 22 26 0 28 26 33 33 33 33 26 36 36 26 41 41 41 41 26 41 45 45 42 47 45 49 47 52 52 47 54 52 58 57 58 45 60 58 62 60 65 65 60 67 65 70 70 58 76 76 76 76 76 58 76 76
4 4 4 9 6 4 9 9 0 12 12 9 14 12 16 14 21 19 21 21 9 23 21 26 26 21 33 33 28 28 33 33 9 33 36
2 6 4 6 6 0 8 6 11 11 6 11 14 11 17 17 11 20 20 17 6
3 3 11 6 6 3 8 11 11 11 0 11
12 3 12 6 6 3 10 10 10 3 12 0 14 12 16 12 18 19 16 12
3 3 26 5 3 7 5 7 13 13 13 13 7 18 14 18 18 26 22 22 22 26 22 22 26 0 28 26 33 33 33 33 26 36 36 26 41 41 41 41 26 41 45 45 42 47 45 49 47 52 52 47 54 52 58 57 58 45 60 58 62 60 65 65 60 67 65 70 70 58 76 76 76 76 76 58 76 76
4 4 4 9 6 4 9 9 0 12 12 9 14 12 16 14 21 19 21 21 9 23 21 26 26 21 33 33 28 28 33 33 9 33 36
2 6 4 6 6 0 8 6 11 11 6 11 14 11 17 17 11 20 20 17 6
3 3 11 6 6 3 8 11 11 11 0 11
12 3 12 6 6 3 10 10 10 3 12 0 14 12 16 12 18 19 16 12
3 3 26 5 3 7 5 7 13 13 13 13 7 18 14 18 18 26 22 22 22 26 22 22 26 0 28 26 33 33 33 33 26 36 36 26 41 41 41 41 26 41 45 45 42 47 45 49 47 52 52 47 54 52 58 57 58 45 60 58 62 60 65 65 60 67 65 70 70 58 76 76 76 76 76 58 76 76
4 4 4 9 6 4 9 9 0 12 12 9 14 12 16 14 21 19 21 21 9 23 21 26 26 21 33 33 28 28 33 33 9 33 33 35 38
2 6 4 6 6 0 8 6 11 11 6 11 14 11 17 17 11 20 20 17 6
3 3 11 6 6 3 8 11 11 11 0 11
12 3 12 6 6 3 10 10 10 3 12 0 14 12 16 12 18 19 16 12
3 3 26 5 3 7 5 7 13 13 13 13 7 18 14 18 18 26 22 22 22 26 22 22 26 0 28 26 33 33 33 33 26 36 36 26 41 41 41 41 26 41 45 45 42 47 45 49 47 52 52 47 54 52 58 57 58 45 60 58 62 60 65 65 60 67 65 70 70 58 76 76 76 76 76 58 76 76
4 4 4 9 6 4 9 9 0 12 12 9 14 12 16 14 21 19 21 21 9 23 21 26 26 21 33 33 28 28 33 33 9 33 33 35 38
2 6 4 6 6 0 8 6 11 11 6 11 14 11 17 17 11 20 20 17 6
3 3 11 6 6 3 8 11 11 11 0 11
12 3 12 6 6 3 10 10 10 3 12 0 14 12 16 12 18 19 16 12
3 3 26 5 3 7 5 7 13 13 13 13 7 18 14 18 18 26 22 22 22 26 22 22 26 0 28 26 33 33 33 33 26 36 36 26 41 41 41 41 26 41 45 45 42 47 45 49 47 52 52 47 54 52 58 57 58 45 60 58 62 60 65 65 60 67 65 70 70 58 76 76 76 76 76 58 76 76
