0
0
0
2 0 2
2 0
2 4 2 0 4 8 8 4 8
2 9 2 9 4 8 8 4 0
2 5 2 5 0 8 8 5 11 11 5
2 5 2 5 0 8 8 5 11 11 5
2 5 2 5 0 8 8 5 11 11 5
2 5 2 5 0 8 8 5 11 11 5
2 5 2 5 0 8 8 5 11 11 5 13 11 5
2 5 2 5 0 8 8 5 11 11 5 13 11
2 5 2 5 0 8 8 5 11 11 5 13 11 5
2 5 2 5 0 8 8 5 11 11 5 13 11
2 5 2 5 0 8 8 5 11 11 5 13 11 5
2 5 2 5 0 8 8 5 11 11 5 13 11
2 4 2 0 4 8 8 5 11 11 5 13 11 4
2 5 2 5 0 8 8 5 11 11 5 13 11
2 4 2 0 4 8 8 4 11 11 4 13 11 15 4 15
2 5 2 5 0 8 8 5 11 11 5 13 11 15 13
2 5 2 5 0 8 8 5 11 11 5 13 11 15 5 15 16
2 5 2 5 0 8 8 5 11 11 5 13 5 15 5 15
2 5 2 5 0 8 8 5 11 11 5 13 11 15 5 5 16
2 5 2 5 0 8 8 5 11 11 5 13 5 15 5 15 5
2 5 2 5 0 8 8 5 11 11 5 13 11 15 5 5 16 5
2 5 2 5 0 8 8 5 11 11 5 13 5 15 5 15 16
2 5 2 5 0 8 8 5 11 11 5 13 11 15 5 5 16 5
2 5 2 5 0 8 8 5 11 11 5 13 5 15 5 15 16
2 20 2 20 20 8 8 5 11 11 5 13 11 15 5 15 16 20 20 0 22 20 20
4 4 4 0
2 20 2 20 20 8 8 5 11 11 5 13 11 15 5 15 16 20 20 0 22 20 20
3 3 0
2 20 2 20 20 8 8 5 11 11 5 13 11 15 5 15 16 20 20 0 22 20 20
5 5 5 5 0 5
2 20 2 20 20 8 8 5 11 11 5 13 11 15 5 15 16 20 20 0 22 20 20
5 5 5 5 0
2 20 2 20 20 8 8 5 11 11 5 13 11 15 5 15 16 20 20 0 22 20 20
5 5 5 5 0
2 20 2 20 20 8 8 5 11 11 5 13 11 15 5 15 16 20 20 0 22 20 20
5 5 5 5 0
2 20 2 20 20 8 8 5 11 11 5 13 11 15 5 15 16 20 20 0 22 20 20
5 5 5 5 0
2 20 2 20 20 8 8 5 11 11 5 13 11 15 5 15 16 20 20 0 22 20 20
5 5 5 5 0
2 20 2 20 20 8 8 5 11 11 5 13 11 15 5 15 16 20 20 0 22 20 20
5 5 5 5 0 5
2 20 2 20 20 8 8 5 11 11 5 13 11 15 5 15 16 20 20 0 22 20 20
5 5 5 5 0 5
2 20 2 20 20 8 8 5 11 11 5 13 11 15 5 15 16 20 20 0 22 20 20
5 5 5 5 0 8 8 5
2 20 2 20 20 8 8 5 11 11 5 13 11 15 5 15 16 20 20 0 22 20 20
5 5 5 5 0 8 8 5
2 20 2 20 20 8 8 5 11 11 5 13 11 15 5 15 16 20 20 0 22 20 20
5 5 5 5 0 9 9 9 5 9
2 20 2 20 20 8 8 5 11 11 5 13 11 15 5 15 16 20 20 0 22 20 20
5 5 5 5 0 9 9 9 5 9
2 20 2 20 20 8 8 5 11 11 5 13 11 15 5 15 16 20 20 0 22 20 20
5 5 5 5 0 9 9 9 5 11 9 5
0
2 20 2 20 20 8 8 5 11 11 5 13 11 15 5 15 16 20 20 0 22 20 20
5 5 5 5 0 9 9 9 5 11 9 5
2 20 2 20 20 8 8 5 11 11 5 13 11 15 5 15 16 20 20 0 22 20 20
5 5 5 5 0 9 9 9 5 11 9 5
0
2 20 2 20 20 8 8 5 11 11 5 13 11 15 5 15 16 20 20 0 22 20 20
5 5 5 5 0 9 9 9 5 11 9 5
0
2 20 2 20 20 8 8 5 11 11 5 13 11 15 5 15 16 20 20 0 22 20 20
5 5 5 5 0 9 9 9 5 11 9 5
0 1 1
2 20 2 20 20 8 8 5 11 11 5 13 11 15 5 15 16 20 20 0 22 20 20
5 5 5 5 0 9 9 9 5 11 9 5
0
2 20 2 20 20 8 8 5 11 11 5 13 11 15 5 15 16 20 20 0 22 20 20
5 5 5 5 0 9 9 9 5 11 9 5
0
2 20 2 20 20 8 8 5 11 11 5 13 11 15 5 15 16 20 20 0 22 20 20
5 5 5 5 0 9 9 9 5 11 9 5
0
2 20 2 20 20 8 8 5 11 11 5 13 11 15 5 15 16 20 20 0 22 20 20
5 5 5 5 0 9 9 9 5 11 9 5
2 0
2 20 2 20 20 8 8 5 11 11 5 13 11 15 5 15 16 20 20 0 22 20 20
5 5 5 5 0 9 9 9 5 11 9 5
0
2 20 2 20 20 8 8 5 11 11 5 13 11 15 5 15 16 20 20 0 22 20 20
5 5 5 5 0 9 9 9 5 11 9 5
3 3 0
2 20 2 20 20 8 8 5 11 11 5 13 11 15 5 15 16 20 20 0 22 20 20
5 5 5 5 0 9 9 9 5 11 9 5
3 3 0
2 20 2 20 20 8 8 5 11 11 5 13 11 15 5 15 16 20 20 0 22 20 20
5 5 5 5 0 9 9 9 5 11 9 5
3 3 0
2 20 2 20 20 8 8 5 11 11 5 13 11 15 5 15 16 20 20 0 22 20 20
5 5 5 5 0 9 9 9 5 11 9 5
3 3 0
2 20 2 20 20 8 8 5 11 11 5 13 11 15 5 15 16 20 20 0 22 20 20
5 5 5 5 0 9 9 9 5 11 9 5
4 4 4 0
2 20 2 20 20 8 8 5 11 11 5 13 11 15 5 15 16 20 20 0 22 20 20
5 5 5 5 0 9 9 9 5 11 9 5
3 3 0 3
2 20 2 20 20 8 8 5 11 11 5 13 11 15 5 15 16 20 20 0 22 20 20
5 5 5 5 0 9 9 9 5 11 9 5
4 4 4 0
2 20 2 20 20 8 8 5 11 11 5 13 11 15 5 15 16 20 20 0 22 20 20
5 5 5 5 0 9 9 9 5 11 9 5
3 3 0 3
2 20 2 20 20 8 8 5 11 11 5 13 11 15 5 15 16 20 20 0 22 20 20
5 5 5 5 0 9 9 9 5 11 9 5
3 3 0 3
2 20 2 20 20 8 8 5 11 11 5 13 11 15 5 15 16 20 20 0 22 20 20
5 5 5 5 0 9 9 9 5 11 9 5
3 3 0 3
2 20 2 20 20 8 8 5 11 11 5 13 11 15 5 15 16 20 20 0 22 20 20
5 5 5 5 0 9 9 9 5 11 9 5
3 3 0 6 6 3
2 20 2 20 20 8 8 5 11 11 5 13 11 15 5 15 16 20 20 0 22 20 20
5 5 5 5 0 9 9 9 5 11 9 5
3 3 0 6 6 3
2 20 2 20 20 8 8 5 11 11 5 13 11 15 5 15 16 20 20 0 22 20 20
5 5 5 5 0 9 9 9 5 11 9 5
3 3 0 6 6 3
2 20 2 20 20 8 8 5 11 11 5 13 11 15 5 15 16 20 20 0 22 20 20
5 5 5 5 0 9 9 9 5 11 9 5
3 3 0 6 6 3
2 20 2 20 20 8 8 5 11 11 5 13 11 15 5 15 16 20 20 0 22 20 20
5 5 5 5 0 9 9 9 5 11 9 5
3 3 0 8 6 8 8 3 3
