4 4 4 0 4 4 8 4 14 9 14 14 14 4 16 14
4 4 4 0 4 4 8 4 14 9 14 14 14 4 16 14
4 4 4 0 4 4 8 4 14 9 14 14 14 4 16 14
4 4 4 0 4 4 8 4 14 9 14 14 14 4 16 14
4 4 4 0 4 4 8 4 14 9 14 14 14 4 16 14
4 4 4 0 4 4 8 4 14 9 14 14 14 4 16 14
4 4 4 0 4 4 8 4 14 9 14 14 14 4 16 14 18 16
4 4 4 0 4 4 8 4 14 9 14 14 14 4 16 14 18 16
4 4 4 0 4 4 8 4 14 9 14 14 14 4 16 14 18 16 18 18 23 21 16
4 4 4 0 4 4 8 4 14 9 14 14 14 4 16 14 18 16 18 18 20
4 4 4 0 4 4 8 4 14 9 14 14 14 4 16 14 18 16 18 18 20
4 4 4 0 4 4 8 4 14 9 14 14 14 4 16 14 18 16 18 18 20
4 4 4 0 4 4 8 4 23 9 14 14 14 23 16 14 18 16 18 23 23 23 4 23 26 23 4
4 4 4 0 4 4 8 4 14 9 14 14 14 4 16 14 18 16 18 23 23 23 4 23 26 23
4 4 4 0 4 4 8 4 23 9 14 14 14 4 16 14 18 16 18 23 23 23 4 23 26 23
4 4 4 0 4 4 8 4 14 9 14 14 14 4 16 14 18 16 18 18 22 14
4 4 4 0 4 4 8 4 14 9 14 14 14 4 16 14 18 16 18 25 25 25 25 25 4 29 29 29 4
4 4 4 0 4 4 8 4 14 9 14 14 14 4 16 14 18 16 18 25 25 25 25 25 4 28 28 25 28
4 4 4 0 4 4 8 4 14 9 14 14 14 4 16 14 18 16 18 25 25 25 25 25 4 29 29 29 25 31 29 34 34 25 34 34 38 36 38
4 4 4 0 4 4 8 4 14 9 14 14 14 4 16 14 18 16 18 25 25 25 25 25 4 29 29 29 25 31 29 34 34 29 34 34 38 36 4
4 4 4 0 4 4 8 4 14 9 14 14 14 4 16 14 18 16 18 25 25 25 25 25 4 29 29 29 25 31 29 34 34 29 34 34 38 36 44 39 44 44 44 36 44
4 4 4 0 4 4 8 4 14 9 14 14 14 4 16 14 18 16 18 25 25 25 25 25 4 29 29 29 25 31 29 34 34 29 34 34 38 36 44 39 44 44 44 36 44
4 4 4 0 4 4 8 4 14 9 14 14 14 4 16 14 18 16 18 25 25 25 25 25 4 29 29 29 25 31 29 34 34 29 34 34 38 36 45 39 45 45 45 45 36
4 4 4 0 4 4 8 4 14 9 14 14 14 4 16 14 18 16 18 25 25 25 25 25 4 29 29 29 25 31 29 34 34 29 34 34 38 36 45 39 45 45 45 45 36
4 4 4 0 4 4 8 4 14 9 14 14 14 4 16 14 18 16 18 25 25 25 25 25 4 29 29 29 25 31 29 34 34 29 34 34 38 36 45 39 45 45 45 45 36 48 48 45
4 4 4 0 4 4 8 4 14 9 14 14 14 4 16 14 18 16 18 25 25 25 25 25 4 29 29 29 25 31 29 34 34 29 34 34 38 36 45 39 45 45 45 45 36 48 46 45
4 4 4 0 4 4 8 4 14 9 14 14 14 4 16 14 18 16 18 25 25 25 25 25 4 29 29 29 25 31 29 34 34 29 34 34 38 36 45 39 45 45 45 45 36 50 46 50 50 45 52 50
4 4 4 0 4 4 8 4 14 9 14 14 14 4 16 14 18 16 18 25 25 25 25 25 4 29 29 29 25 31 29 34 34 29 34 34 38 36 45 39 45 45 45 45 36 50 46 50 50 45 52 50
4 4 4 0 4 4 8 4 14 9 14 14 14 4 16 14 18 16 18 25 25 25 25 25 4 29 29 29 25 31 29 34 34 29 34 34 38 36 45 39 45 45 45 45 36 50 46 50 50 45 52 50 4
0
4 4 4 0 4 4 8 4 14 9 14 14 14 4 16 14 18 16 18 25 25 25 25 25 4 29 29 29 25 31 29 34 34 29 34 34 38 36 45 39 45 45 45 45 36 50 46 50 50 45 52 50 4
